1500
259 456
371 266
246 97
470 328
18 67
287 49
457 21
444 57
122 218
270 447
172 339
416 448
329 90
378 186
267 72
226 206
236 486
131 4
183 289
224 346
231 22
52 158
94 123
407 375
337 145
419 500
381 269
352 259
479 263
42 429
177 148
400 277
427 385
123 445
233 28
214 283
384 387
116 212
118 454
283 154
359 415
320 371
463 275
373 106
259 460
284 291
165 278
446 246
373 396
400 404
286 441
499 209
72 286
380 132
360 495
189 113
468 343
400 135
148 73
442 140
58 276
103 156
198 254
398 256
178 54
153 335
11 88
426 412
54 225
229 147
182 165
357 273
212 207
252 287
50 5
369 25
253 423
447 152
270 211
421 331
362 232
445 453
442 11
491 9
467 357
31 400
470 168
358 477
456 86
303 356
433 340
412 98
383 354
15 96
443 150
93 23
405 160
467 361
213 340
314 423
163 6
260 41
74 200
71 241
229 225
95 352
412 271
490 395
203 345
19 462
339 418
147 105
122 180
195 219
256 330
282 389
383 127
122 260
27 208
150 451
103 373
63 377
63 46
233 54
310 236
426 102
402 50
27 268
298 99
211 397
349 67
291 324
402 39
173 245
375 444
286 386
399 319
317 410
179 369
250 180
156 137
452 381
131 308
151 161
406 300
363 125
8 58
352 336
370 117
116 31
163 74
477 481
169 357
367 128
406 50
121 253
363 122
224 398
325 398
302 18
147 489
90 113
64 13
24 293
372 443
130 191
312 316
51 415
457 273
24 5
397 221
262 25
412 266
473 243
263 250
247 499
24 222
248 73
67 224
210 80
491 266
275 438
102 459
17 291
336 130
430 395
272 336
476 159
236 242
99 29
235 398
121 71
219 489
53 68
41 211
65 270
286 52
233 487
77 222
467 339
289 202
43 177
188 370
414 154
249 104
181 100
261 163
332 380
78 185
406 135
167 390
475 428
438 174
93 58
156 7
146 371
292 256
467 76
24 255
356 400
259 406
327 271
28 376
200 16
32 116
495 385
104 65
217 34
459 177
271 180
25 231
413 217
211 337
349 425
324 117
282 399
75 315
156 79
25 338
154 204
484 251
64 371
230 420
369 280
237 47
495 194
194 7
454 435
387 51
161 469
42 353
278 252
424 239
311 26
404 400
363 68
90 413
126 85
487 3
189 473
493 445
395 217
213 9
214 206
46 425
60 436
474 277
371 413
29 444
353 471
496 291
468 474
487 422
199 195
29 381
139 165
117 81
139 368
281 261
282 256
148 452
270 389
496 380
430 278
129 400
311 95
377 141
395 44
404 14
58 356
238 267
479 362
47 124
288 171
2 287
497 421
314 357
221 189
151 134
136 301
153 98
325 284
435 152
340 217
368 253
61 251
228 211
276 12
73 276
233 138
217 235
467 218
146 441
33 128
338 54
350 88
487 77
136 485
427 352
428 382
297 107
131 251
398 479
259 85
435 496
16 216
255 156
65 418
148 19
24 76
15 205
11 169
328 204
62 128
54 224
67 99
460 452
216 8
271 369
126 352
338 215
474 468
345 23
275 401
468 101
99 488
72 341
483 277
336 424
10 111
282 287
333 363
250 206
184 164
377 303
147 175
75 410
356 176
317 100
348 60
154 164
190 159
275 441
224 276
102 26
177 115
177 42
202 395
376 276
267 406
312 486
287 282
306 326
139 234
171 428
363 110
385 498
375 452
333 389
92 379
28 327
87 250
447 363
493 153
46 224
176 40
444 22
391 50
472 123
367 100
246 118
449 85
10 165
319 361
449 365
283 350
257 26
362 4
331 260
125 406
93 393
285 401
270 445
349 360
202 290
376 202
455 7
419 122
136 243
426 268
442 86
15 307
447 76
376 295
249 331
186 218
69 272
43 220
425 366
321 165
201 389
81 65
488 488
187 210
414 192
31 368
482 15
402 228
207 234
435 402
326 446
417 371
361 383
316 362
163 84
459 310
113 17
150 7
275 232
13 354
393 393
444 494
357 395
347 220
56 38
71 477
246 50
41 147
51 180
168 477
461 464
271 493
360 27
425 478
170 101
122 287
344 262
273 411
437 356
149 193
217 68
47 489
421 348
447 380
21 188
300 29
336 231
58 213
421 237
411 357
498 442
152 281
348 193
125 499
347 137
242 364
95 280
143 176
195 270
286 478
328 403
355 244
437 172
213 202
14 115
441 115
277 168
414 139
476 99
250 242
254 177
419 344
398 55
55 168
66 327
390 4
315 488
293 109
98 316
395 460
75 86
403 306
206 87
310 365
206 32
485 45
67 421
408 142
59 11
163 261
92 360
373 23
395 464
167 313
173 327
80 391
370 9
316 90
233 361
349 139
23 182
59 241
113 23
459 249
470 116
50 442
98 123
110 251
375 234
154 360
424 242
51 185
220 26
360 136
136 101
160 334
238 421
396 89
60 58
52 368
411 346
217 106
347 120
152 63
391 295
475 98
188 241
452 281
50 42
438 92
16 2
107 152
82 138
419 277
321 142
473 471
165 321
76 393
103 487
83 341
42 393
354 284
82 458
395 23
47 421
278 436
388 106
495 445
87 446
97 371
18 174
378 393
318 36
118 351
259 139
168 32
411 415
312 335
369 280
20 187
60 34
389 281
0 215
333 133
188 17
117 189
318 411
230 348
360 432
350 287
495 230
224 357
106 332
314 243
461 376
231 249
298 124
492 429
140 49
143 203
432 495
117 359
217 326
338 180
435 291
429 269
51 195
237 422
44 66
402 349
397 266
211 283
258 278
295 126
143 54
295 19
349 191
205 93
61 434
320 141
237 54
472 183
340 145
51 480
60 44
414 467
476 150
23 307
221 398
481 180
21 91
181 438
498 2
315 427
312 409
435 20
152 195
113 393
36 133
74 249
31 223
264 107
474 183
94 39
81 369
135 415
196 310
210 278
175 152
242 481
123 174
407 435
344 74
468 318
424 260
6 191
127 334
450 68
453 42
303 156
303 302
277 269
383 313
466 187
439 118
83 446
139 267
437 387
171 148
311 363
362 111
62 467
243 23
361 233
290 50
449 22
272 190
69 165
9 38
362 32
345 355
42 480
153 313
31 22
447 24
455 94
334 431
142 36
171 141
490 279
443 365
469 318
454 162
136 451
406 272
177 427
119 108
492 435
7 153
39 2
433 250
468 81
353 120
458 288
430 129
129 276
54 161
466 116
78 167
436 99
294 301
346 453
187 408
290 427
384 25
209 210
101 356
428 6
476 439
34 368
497 472
110 177
175 324
34 284
233 77
219 236
109 418
166 436
104 428
129 42
224 263
95 80
232 303
90 326
482 49
425 156
346 331
93 356
324 464
321 62
133 17
321 427
361 44
414 176
309 490
409 69
425 78
122 178
106 227
90 31
384 100
462 336
54 204
442 349
416 120
486 318
80 323
76 8
279 490
299 395
306 345
347 394
347 483
492 436
378 462
46 282
48 210
180 313
478 349
84 186
471 141
133 275
285 50
390 249
171 276
10 359
254 161
216 160
264 128
141 471
76 475
114 304
472 89
37 242
52 428
410 55
222 376
495 57
66 353
203 12
261 286
211 256
338 49
372 67
285 142
419 410
120 149
463 341
360 341
175 140
375 419
252 319
197 60
161 361
132 118
186 240
474 93
118 275
182 346
68 76
19 204
266 254
267 117
60 107
221 92
397 410
347 194
432 178
350 359
219 156
470 126
423 449
263 228
225 457
27 62
426 194
269 231
445 57
216 221
233 455
129 364
358 362
93 200
76 61
352 126
493 276
434 78
81 216
165 22
172 139
483 447
500 330
52 90
331 47
489 108
56 129
365 450
185 55
17 376
27 25
7 367
483 163
198 227
23 17
353 266
482 439
11 333
231 2
233 409
321 442
425 263
310 6
415 10
92 275
456 41
270 46
224 129
406 380
56 391
106 80
278 455
80 74
215 362
489 351
376 348
305 2
182 77
406 496
381 277
430 220
100 187
120 173
409 164
191 383
29 360
494 330
409 355
133 273
29 173
294 213
112 100
385 472
143 352
308 322
24 57
22 473
215 457
244 156
352 480
437 255
140 98
66 311
182 354
297 232
391 438
86 253
162 358
417 377
114 88
414 29
105 474
273 7
307 249
400 11
285 471
427 411
310 233
216 444
168 491
301 402
389 23
353 294
229 58
303 229
306 34
363 185
145 180
407 213
84 9
100 120
226 341
48 111
71 36
198 368
234 224
420 171
139 105
18 483
407 161
0 470
233 491
368 363
140 311
438 387
67 129
257 221
385 40
368 280
265 131
157 135
262 33
187 25
441 327
260 355
188 344
120 59
188 458
210 488
379 438
168 313
105 170
126 234
79 214
371 354
226 236
448 28
227 490
331 137
368 180
457 418
242 119
134 69
19 248
33 452
79 158
318 447
9 150
194 45
277 19
158 304
13 474
235 428
324 425
28 392
11 223
463 387
62 148
86 285
156 470
490 295
372 476
144 133
405 318
394 11
121 268
192 401
187 285
160 115
362 250
343 63
235 205
236 88
438 348
405 440
64 266
72 163
56 209
75 167
191 429
240 371
393 410
187 346
76 0
490 440
181 283
490 189
51 231
500 87
5 404
227 69
489 106
295 162
492 133
264 450
372 228
462 48
153 340
418 156
315 129
258 236
158 430
16 172
426 224
197 464
392 407
19 247
61 261
20 321
19 485
292 89
22 193
98 25
125 420
490 496
198 59
2 483
417 21
468 312
282 165
339 480
277 434
138 51
258 236
229 437
173 81
202 400
472 264
367 485
362 190
87 403
109 412
491 383
455 308
181 280
480 344
169 378
130 29
210 260
44 412
293 437
466 55
488 266
15 88
400 189
305 432
329 171
191 395
440 93
405 149
158 67
120 68
176 301
441 73
134 369
393 410
34 177
490 17
82 398
131 219
28 363
270 314
239 86
221 465
33 347
148 342
307 49
391 131
171 370
346 191
239 120
132 283
454 191
215 77
10 99
17 89
131 346
297 375
271 419
464 105
29 289
101 500
144 271
421 482
378 160
407 69
63 107
335 400
434 410
444 364
439 204
301 106
78 147
456 79
389 295
391 274
4 188
375 95
395 418
44 242
482 95
386 7
428 275
399 464
175 108
65 132
420 76
429 351
237 285
147 31
319 363
350 116
247 89
472 482
482 5
408 176
427 33
176 119
201 11
149 276
425 321
155 453
413 53
264 93
315 253
205 253
5 160
367 97
257 10
67 309
46 213
207 230
392 287
359 189
276 337
288 104
80 145
1 93
345 474
99 313
278 351
309 22
48 107
77 98
248 106
113 102
296 131
336 28
213 163
244 40
492 33
438 339
260 342
389 261
386 196
492 71
310 313
399 392
337 381
355 193
79 342
0 223
301 83
145 105
379 126
23 472
411 161
470 279
100 412
283 138
384 245
423 203
30 294
447 229
244 471
472 173
491 366
378 259
42 339
237 12
330 209
304 464
367 1
186 255
298 123
348 126
79 13
342 82
173 111
466 76
493 380
277 339
368 31
277 441
428 115
418 480
266 464
478 476
95 93
39 336
110 39
366 110
433 495
201 162
86 341
203 416
483 148
159 322
484 398
79 284
111 497
388 376
129 179
256 325
300 452
215 427
272 446
439 499
126 445
118 319
457 88
464 329
401 435
268 201
335 360
119 237
45 79
446 495
418 413
297 224
100 211
456 497
167 472
452 153
208 477
133 415
249 475
164 479
26 413
361 39
272 6
484 281
181 317
326 413
316 227
111 241
159 294
243 210
302 168
307 67
408 284
452 14
18 65
213 482
496 5
250 411
117 485
344 142
163 454
62 54
235 443
344 110
241 36
199 215
99 115
26 439
445 370
175 371
355 423
63 397
334 251
441 103
356 401
29 346
71 54
284 256
282 499
429 309
473 168
294 180
87 408
437 130
113 67
488 41
158 311
201 330
307 14
333 218
475 333
111 475
307 281
246 250
491 313
242 200
136 406
200 388
10 36
159 375
423 309
500 59
111 436
92 98
185 99
428 199
225 154
57 433
13 484
264 362
216 310
143 1
8 299
93 485
177 222
284 179
107 383
392 453
160 123
266 67
169 335
239 237
229 25
391 468
118 136
312 55
89 275
229 81
369 224
156 486
212 183
495 418
225 19
487 227
341 143
230 423
131 456
243 324
317 248
47 397
416 13
435 85
385 35
331 205
22 197
139 245
392 206
426 280
122 427
69 349
89 471
465 404
294 430
284 307
144 214
453 99
18 481
195 105
209 384
25 19
360 453
156 400
339 491
477 188
123 72
382 251
309 255
494 20
441 119
102 377
33 298
201 21
124 218
8 324
273 330
399 372
414 364
462 0
182 317
304 248
341 456
213 294
375 282
481 80
465 390
21 402
233 0
59 34
424 236
209 497
31 431
267 106
57 417
58 202
310 421
165 265
172 312
467 96
291 476
271 300
326 137
231 310
263 272
323 444
452 413
305 371
287 251
434 321
406 249
58 265
79 390
459 386
129 371
87 114
171 221
409 476
473 418
184 263
190 142
113 256
460 443
426 182
332 309
424 458
105 182
253 95
199 127
472 326
137 147
130 187
257 12
92 160
482 160
299 140
189 325
380 433
42 212
405 485
404 63
69 403
255 400
202 86
421 116
271 208
297 480
449 159
94 129
452 113
457 338
276 166
99 278
158 371
57 405
295 154
83 332
68 377
27 147
210 43
172 292
191 117
132 403
263 477
195 246
244 50
344 449
288 419
333 136
323 489
313 275
210 73
206 55
294 291
332 359
