3000
289 144
465 216
210 312
495 295
30 108
145 40
167 150
453 0
68 6
62 444
426 7
299 109
374 4
186 54
231 390
493 232
49 439
131 379
390 110
159 267
71 30
289 300
355 227
272 181
390 51
182 394
128 105
317 327
429 78
13 136
217 107
13 376
409 128
346 155
361 179
285 214
492 410
38 17
74 87
19 418
249 260
61 95
159 433
293 151
217 270
352 491
260 346
244 494
336 235
344 500
166 160
498 62
357 241
413 41
119 475
18 415
112 51
93 357
442 183
95 138
346 257
309 150
355 171
312 29
281 430
256 108
78 500
402 372
9 107
327 303
413 113
109 296
434 101
225 308
127 106
292 357
178 198
417 419
265 173
106 151
220 121
226 52
260 380
98 209
258 259
279 313
487 463
141 47
270 213
70 177
24 0
167 65
64 28
340 12
300 79
388 333
425 312
74 151
476 173
16 409
493 480
27 305
17 479
194 440
27 392
470 163
305 67
323 454
207 270
257 350
447 226
124 47
491 270
235 250
94 251
271 163
191 377
380 152
270 181
478 8
324 467
4 17
72 245
209 201
453 114
205 122
216 46
298 455
95 478
200 195
104 294
364 104
34 206
277 158
188 230
286 430
407 469
315 355
402 58
467 176
64 47
290 215
235 266
84 257
27 9
386 450
142 92
337 375
358 388
333 424
151 267
165 427
264 83
282 366
183 170
157 247
154 0
321 46
309 120
265 249
242 55
422 418
322 468
39 191
117 106
252 161
317 380
5 442
75 477
361 256
212 490
321 13
48 232
3 152
206 134
75 88
143 145
387 378
337 319
29 289
354 323
284 106
74 355
485 379
321 60
448 301
480 35
224 417
117 383
396 457
329 341
431 220
492 81
246 160
406 123
14 411
78 232
3 239
81 255
400 99
233 183
19 113
310 189
294 400
308 452
70 180
477 73
53 56
447 157
43 299
77 43
298 470
23 25
334 183
71 235
37 238
242 0
26 63
457 10
42 121
292 53
25 89
269 126
258 472
387 434
384 202
400 462
189 330
185 266
71 476
39 458
44 42
135 112
73 96
458 262
369 344
143 5
197 286
490 188
326 290
391 433
125 368
220 456
352 235
141 171
315 439
82 382
339 17
465 179
466 283
482 466
468 221
21 205
389 328
239 407
199 456
385 240
496 434
256 301
456 256
163 45
474 168
24 234
429 445
25 208
204 290
297 228
424 304
83 346
451 376
447 170
237 410
266 115
257 214
369 107
262 58
419 358
307 183
360 416
161 195
152 39
283 5
401 230
355 121
459 426
489 328
479 407
486 335
77 425
326 156
244 143
62 173
427 447
474 153
341 20
231 488
453 363
456 413
334 75
378 288
311 449
427 338
275 121
108 28
179 48
432 266
55 285
24 482
421 36
290 442
444 77
143 329
283 387
264 180
500 242
49 319
190 180
248 210
356 410
126 40
457 77
293 28
362 179
258 58
291 381
283 30
82 64
59 368
288 38
241 394
217 380
260 11
112 354
252 196
113 89
358 37
232 3
404 180
464 149
310 130
251 6
60 180
294 458
31 14
237 226
473 72
83 482
359 337
422 231
246 317
406 75
444 429
412 242
391 290
164 413
307 297
153 94
28 347
227 144
295 379
24 485
2 337
167 290
322 69
475 306
35 196
362 32
209 29
421 4
244 93
151 163
158 373
88 318
394 256
461 103
443 488
16 355
332 53
305 223
163 20
52 177
457 280
114 249
341 40
413 37
233 351
479 8
73 331
216 117
306 480
398 309
309 194
288 49
50 29
61 127
122 77
455 328
91 308
326 78
52 63
122 17
60 40
336 390
202 131
75 436
421 237
91 382
108 450
122 84
173 164
303 381
400 362
272 116
154 364
479 356
353 181
235 339
273 244
456 61
54 47
452 18
94 401
82 165
204 91
378 407
260 277
382 101
67 123
20 308
213 4
401 124
11 475
361 239
21 477
98 216
98 373
467 377
108 366
269 268
427 228
496 65
41 314
211 383
57 242
451 286
98 39
306 164
178 165
470 76
123 364
414 435
468 85
32 196
150 278
108 64
304 209
189 446
217 393
463 362
409 393
139 100
175 454
102 228
30 337
2 116
492 6
106 325
162 236
417 134
155 348
340 38
13 196
94 315
478 14
371 479
386 135
222 2
392 402
60 88
228 349
337 288
332 487
393 222
357 84
53 56
87 139
422 364
254 264
372 196
359 21
490 466
185 361
405 103
340 378
262 384
162 256
418 447
451 115
383 16
204 485
391 362
25 255
448 476
109 370
282 316
263 330
98 296
147 286
225 473
419 219
218 175
500 262
398 500
380 301
295 9
106 351
421 404
47 355
38 312
447 340
487 85
187 194
11 9
236 228
99 288
57 353
395 177
384 153
282 199
388 309
59 191
328 415
300 464
115 432
403 140
7 106
21 474
129 353
329 356
314 434
442 319
458 358
500 158
165 492
427 107
300 66
471 222
57 199
118 245
494 278
138 325
93 428
492 144
228 351
321 402
110 486
361 455
299 474
235 132
438 275
264 479
116 298
310 465
165 6
357 294
100 426
75 194
433 195
379 447
295 153
344 100
158 84
301 377
439 397
176 420
331 277
477 393
423 358
156 81
483 430
388 270
164 235
486 215
344 240
433 463
162 101
291 281
56 219
36 64
230 255
201 104
347 185
234 69
481 477
355 259
169 430
249 270
482 158
157 72
287 309
116 11
485 407
317 460
143 143
300 290
338 231
439 199
413 62
329 412
490 164
411 79
315 166
316 446
244 317
104 329
325 307
420 126
137 24
89 82
408 342
388 159
256 20
231 435
139 236
20 462
393 2
69 256
403 104
119 60
101 424
307 241
275 321
454 296
204 213
325 64
455 183
25 129
162 132
376 18
6 429
9 414
283 192
58 135
276 243
377 249
78 387
152 297
289 91
350 277
133 414
120 134
137 411
434 10
490 266
11 134
328 273
8 364
389 81
187 371
321 462
498 270
186 7
267 41
381 85
325 68
35 415
10 170
401 315
155 466
454 232
480 178
216 414
450 255
128 207
473 36
102 409
143 33
121 417
333 243
406 97
473 156
496 251
393 287
143 212
418 203
439 77
45 60
230 5
232 410
446 214
180 195
186 247
174 349
138 357
333 345
357 20
406 56
479 363
416 118
136 22
376 241
66 218
371 63
150 285
379 112
261 487
364 224
283 445
491 55
463 201
24 353
230 242
225 4
183 382
207 474
323 421
276 85
83 143
88 390
61 7
351 432
126 386
5 106
11 187
344 169
391 474
341 27
136 417
133 252
322 197
233 262
34 88
134 245
57 224
97 464
203 318
333 474
158 162
22 450
491 163
61 387
273 96
398 47
442 460
165 493
325 47
311 104
443 499
340 38
366 145
473 290
14 488
254 19
228 189
20 389
336 316
482 358
360 459
249 391
487 309
251 251
123 359
257 446
390 83
370 124
349 5
66 107
327 162
209 103
14 336
418 73
495 471
82 351
339 64
123 498
80 434
86 224
72 252
395 293
37 142
492 429
202 184
154 425
262 305
172 431
486 162
151 147
214 154
329 51
186 252
224 462
321 333
36 280
281 480
143 280
390 421
285 226
113 301
325 313
431 211
279 296
274 23
338 271
374 329
468 156
315 497
442 50
86 249
390 81
408 253
493 193
164 182
420 247
302 106
169 3
212 32
42 322
51 126
106 212
242 354
117 252
483 423
168 329
21 427
321 175
48 4
179 311
44 376
488 83
309 453
220 185
27 437
16 450
421 484
303 387
379 323
92 332
38 398
449 295
108 130
108 419
387 245
56 304
97 133
383 131
463 375
156 432
44 339
346 195
387 310
29 412
386 319
125 215
133 24
151 286
398 406
313 310
455 50
158 393
375 500
105 201
265 314
71 88
108 112
89 119
214 187
351 494
21 112
6 212
392 156
191 125
138 369
278 430
106 247
479 283
150 470
429 333
215 349
314 496
155 474
274 261
138 241
161 182
104 343
305 4
18 58
372 15
414 437
228 63
252 486
71 383
199 16
272 265
441 289
151 40
385 259
419 415
345 362
166 469
364 456
406 318
359 477
310 279
279 438
242 437
236 458
56 243
108 416
399 463
121 317
257 270
201 424
97 205
398 440
76 144
214 199
293 465
33 114
400 168
218 433
185 409
54 386
304 258
257 471
163 497
390 413
177 372
411 278
288 199
110 368
348 142
231 340
361 478
376 107
10 130
477 114
150 91
382 334
297 267
341 393
68 316
290 383
193 54
437 147
289 346
150 341
82 200
63 131
22 365
342 224
212 478
500 322
249 300
386 382
126 323
42 463
119 116
337 167
272 208
401 379
427 231
365 102
412 423
422 249
494 185
93 133
221 275
347 27
423 13
283 453
471 302
399 28
36 104
183 299
218 238
303 75
272 352
374 122
487 216
261 57
9 30
336 215
46 265
109 322
169 196
284 192
65 103
353 131
112 227
287 228
345 297
264 164
120 347
213 473
244 200
24 264
319 265
66 461
210 408
153 363
73 426
28 5
212 163
87 173
400 461
299 162
476 471
236 173
255 392
9 406
159 420
145 80
487 111
9 321
256 492
230 194
492 153
354 50
343 41
238 107
303 376
438 407
281 417
149 407
145 149
73 252
111 154
260 454
59 182
367 37
3 111
165 241
220 15
179 4
448 3
177 271
177 237
324 55
59 154
262 467
217 344
6 267
487 145
392 353
77 431
146 474
167 238
362 247
404 287
204 18
235 367
100 459
354 173
191 384
421 345
403 49
14 152
44 17
141 60
356 46
240 36
12 387
488 327
218 449
367 207
304 65
352 43
174 163
79 493
417 19
322 16
208 346
446 46
16 457
318 394
297 200
200 181
269 263
432 119
475 24
150 454
130 278
141 11
1 48
14 499
32 114
131 385
154 479
15 431
491 483
194 436
342 252
399 446
289 341
142 447
79 238
62 166
21 500
62 387
264 101
186 286
479 163
305 355
478 387
417 194
308 73
131 214
276 323
136 158
152 48
386 448
349 191
384 486
275 269
311 302
353 214
392 492
460 115
102 489
309 411
383 156
498 330
285 285
436 7
76 391
336 271
37 8
23 121
276 202
438 337
404 119
41 300
403 313
500 346
312 280
451 221
286 141
239 390
34 481
499 253
92 262
385 435
313 455
194 98
138 262
238 397
333 403
244 176
480 147
365 24
128 277
176 446
367 341
135 67
439 406
364 11
76 225
393 350
212 194
466 6
256 236
331 399
479 109
317 446
422 270
353 333
2 426
292 60
428 284
201 93
53 74
479 274
376 112
360 457
403 107
395 286
284 94
48 396
6 139
54 221
248 4
168 429
51 376
388 394
362 78
102 147
226 304
185 108
281 276
213 105
204 470
134 474
192 21
302 216
85 269
401 344
205 53
144 142
157 22
233 378
310 417
393 337
345 395
490 72
415 13
71 128
240 233
49 385
124 423
292 494
71 60
198 346
376 475
102 275
174 157
253 399
419 416
316 173
7 472
63 280
422 367
372 258
179 222
17 17
28 29
439 330
156 363
239 269
330 43
190 381
287 209
333 140
279 444
247 240
85 20
41 37
49 369
357 177
339 40
69 130
281 398
18 303
6 57
381 312
426 150
300 462
291 462
228 430
247 235
208 142
453 149
16 11
437 219
295 473
35 61
304 1
496 408
180 429
328 356
328 250
19 367
99 335
147 97
295 159
468 388
283 302
284 366
276 149
180 107
51 242
93 83
314 140
264 33
309 460
325 67
232 186
365 400
142 210
469 282
105 26
226 455
198 89
170 468
315 153
215 43
63 302
409 360
39 34
72 377
125 326
259 215
462 170
414 75
242 172
10 76
177 343
33 73
62 128
268 480
351 277
487 42
58 286
385 47
280 74
418 177
49 174
42 440
356 492
314 219
53 98
365 101
225 363
148 224
386 291
122 4
8 48
244 180
441 81
60 244
195 150
228 427
250 338
403 340
109 435
62 483
340 339
416 204
445 332
125 256
304 383
481 219
219 499
386 48
454 35
317 45
129 120
304 303
242 7
272 498
248 224
65 464
368 227
112 261
304 325
180 379
322 159
134 485
212 22
35 449
298 487
381 161
138 82
135 310
460 115
418 210
214 139
206 335
113 186
219 284
461 136
232 478
86 231
63 197
13 288
390 386
437 371
177 381
148 73
470 414
260 385
35 236
42 342
311 476
483 322
232 91
363 53
382 188
229 351
316 253
437 264
9 383
485 384
438 428
422 260
428 121
394 155
333 243
93 248
220 183
108 392
468 136
479 256
422 0
118 500
413 173
166 342
189 325
39 177
459 28
415 168
168 254
254 425
143 114
208 236
80 5
341 241
353 467
342 366
131 181
226 15
430 342
21 92
22 293
146 83
62 209
265 182
465 21
468 117
428 152
320 412
175 398
303 146
386 168
326 117
288 172
231 371
462 304
152 495
150 376
124 270
60 484
383 285
402 206
172 165
340 395
475 272
399 105
52 266
164 328
161 304
2 439
327 101
236 86
413 65
175 249
292 62
381 22
77 175
432 229
341 80
223 59
290 456
312 46
296 204
192 58
429 107
135 428
232 460
98 411
133 359
257 419
308 479
21 377
243 374
153 190
283 410
481 47
367 214
305 324
314 388
41 374
292 169
436 461
369 202
72 398
309 90
471 388
432 395
442 179
266 429
380 156
172 388
141 306
241 236
325 157
278 283
110 480
421 222
471 219
20 300
101 340
405 20
237 315
52 88
255 305
352 239
422 362
72 169
116 95
19 380
290 146
316 143
82 382
287 87
22 177
252 476
67 49
308 454
52 485
178 313
320 314
114 203
388 489
432 455
113 395
367 404
120 431
445 8
197 50
20 425
308 0
230 64
494 89
67 418
467 68
9 209
371 383
133 481
477 61
44 172
390 167
32 381
400 384
283 9
378 65
57 94
6 5
383 42
57 122
0 126
299 12
40 200
68 286
482 157
51 16
332 408
297 435
12 157
483 307
333 211
247 234
236 310
392 422
22 166
322 328
274 39
414 206
31 22
238 361
339 183
297 131
161 332
364 126
254 86
54 154
86 187
150 473
216 416
499 199
108 113
223 291
428 479
21 479
272 20
305 82
83 440
275 338
331 497
332 101
150 278
134 378
131 320
469 351
351 320
42 468
373 189
193 36
26 312
408 388
436 330
260 139
401 50
330 36
179 155
135 52
481 267
135 174
498 236
98 90
152 152
123 327
454 9
309 357
53 74
19 471
217 83
479 260
37 368
70 182
185 15
23 371
26 226
7 412
294 63
210 130
422 414
465 432
273 356
345 325
46 139
15 234
263 322
125 310
298 312
32 283
198 458
449 256
62 468
297 24
123 30
166 312
103 248
101 59
251 378
117 347
138 303
198 334
57 165
184 144
360 194
196 54
416 298
22 58
451 177
462 409
374 469
474 399
105 459
354 480
27 92
321 278
317 425
180 492
278 405
355 259
428 351
337 279
367 220
441 213
265 322
484 33
32 314
369 5
0 443
148 273
442 83
316 154
151 287
328 57
177 46
486 372
11 49
14 304
358 295
33 252
76 276
344 375
167 251
302 83
486 71
252 406
328 364
291 15
437 184
377 358
404 167
96 343
313 280
1 366
347 370
69 386
104 471
199 58
321 275
226 250
472 38
63 78
85 21
102 300
226 380
27 87
319 199
286 21
486 422
329 5
242 325
27 354
54 269
376 221
135 281
436 86
300 330
340 96
446 23
90 451
51 351
197 311
118 100
59 412
348 28
174 481
282 258
174 220
310 399
285 142
4 341
21 472
119 164
463 400
238 235
244 81
255 242
108 85
104 436
159 135
341 443
422 175
64 292
374 174
375 292
231 246
411 441
396 213
382 58
462 120
95 125
310 387
49 426
100 16
171 51
371 73
111 435
496 276
9 397
250 258
364 145
456 403
15 259
124 421
92 437
491 74
85 180
385 137
443 211
467 53
312 187
3 418
169 18
170 251
360 36
256 415
230 318
461 257
100 57
10 474
319 285
462 129
11 317
295 405
272 360
267 165
284 381
420 414
474 286
0 2
335 232
415 432
286 449
251 80
84 300
406 61
262 434
384 478
18 79
139 172
487 151
352 48
155 363
456 286
390 61
0 397
42 165
422 325
426 446
220 460
241 297
100 453
470 209
382 364
438 141
187 237
242 231
53 145
211 389
478 439
489 106
47 269
73 379
214 281
178 28
499 262
122 88
367 499
267 395
275 283
256 389
15 468
175 0
260 368
143 328
118 246
319 371
292 74
146 129
175 82
243 459
186 95
386 85
492 151
307 101
329 364
247 168
432 300
97 448
384 206
214 240
16 94
463 165
496 187
30 251
351 425
452 4
246 169
193 245
309 81
426 240
85 384
86 421
64 71
483 449
26 318
438 333
215 136
265 407
148 101
215 119
432 330
240 269
23 443
469 463
401 32
178 19
405 118
388 400
359 181
327 303
379 186
293 470
327 395
65 31
462 267
147 445
399 332
246 256
391 254
384 122
108 88
343 451
491 306
251 125
370 398
89 114
397 42
369 210
235 134
381 147
32 384
454 43
207 21
3 383
225 472
427 303
166 401
97 497
289 372
292 127
115 288
194 226
418 58
264 300
457 350
230 168
299 469
181 216
378 127
39 277
274 158
25 331
459 169
478 360
286 221
31 307
434 338
217 31
140 200
100 52
39 98
66 79
177 129
93 247
168 44
140 230
179 318
191 191
66 270
181 405
142 477
268 286
393 81
38 76
83 61
490 291
450 183
256 239
4 227
457 280
323 246
382 458
274 38
424 258
28 183
379 154
137 218
162 361
121 19
380 279
359 449
46 471
88 358
409 139
179 30
5 74
84 88
484 370
52 447
93 319
198 369
499 389
318 94
380 235
110 500
290 214
281 491
151 388
71 75
291 474
358 173
30 462
201 322
425 233
348 331
94 184
301 104
375 381
493 309
485 416
105 41
326 290
24 404
196 320
160 158
112 145
95 194
170 311
417 314
224 366
382 220
439 246
397 311
79 291
430 231
0 458
319 1
302 430
351 482
202 489
108 188
419 500
19 228
53 215
23 121
484 314
96 296
272 185
71 289
349 24
166 0
103 479
396 102
322 374
113 284
344 108
69 194
198 290
209 248
314 274
73 313
3 2
255 188
409 55
56 65
484 293
424 131
360 94
455 42
13 185
104 281
109 230
229 132
397 323
288 3
374 72
284 189
428 4
238 457
57 41
383 493
399 13
181 126
26 261
69 380
457 6
304 209
406 115
477 62
312 296
96 177
45 192
239 10
101 454
128 401
294 47
68 403
225 301
50 29
139 140
345 328
19 372
466 474
342 372
285 53
408 194
281 140
452 225
401 271
434 134
266 318
471 189
42 160
112 26
114 96
294 287
382 239
50 0
476 328
367 473
297 189
52 167
212 151
2 291
464 477
42 354
263 74
358 187
270 84
462 150
165 190
358 69
265 386
350 400
479 160
387 205
342 304
450 325
133 36
117 368
335 295
462 140
206 467
33 414
480 148
453 166
235 119
470 478
211 388
489 82
9 159
324 31
402 205
26 30
184 103
255 126
78 351
243 151
50 469
440 400
97 363
174 385
186 420
98 0
205 139
34 317
23 417
185 248
166 490
483 479
320 153
218 288
424 130
365 315
338 210
304 388
216 152
379 120
235 476
21 41
486 152
354 31
297 384
267 52
149 79
223 90
106 18
131 347
227 65
279 38
236 358
100 135
195 308
168 46
53 408
214 298
301 483
268 248
300 172
233 107
143 285
107 210
250 189
113 346
150 25
137 192
195 468
350 259
460 394
344 158
248 398
403 55
277 110
492 36
141 50
185 235
407 78
470 236
401 164
160 38
224 233
77 125
472 320
264 273
91 402
284 203
177 47
31 41
139 483
406 174
450 68
140 381
154 157
423 66
83 71
421 56
376 96
41 388
471 45
220 207
140 47
384 205
83 225
391 164
149 251
0 130
295 1
359 370
104 83
460 22
140 343
456 262
135 55
135 194
466 83
490 94
125 291
170 219
213 313
102 447
138 171
427 336
340 173
196 49
484 362
46 387
397 0
431 194
157 304
25 248
216 41
122 229
304 199
395 319
75 134
472 273
200 434
191 203
170 300
469 158
125 460
333 44
317 301
154 496
393 209
1 3
269 50
362 74
20 160
78 74
223 328
42 27
407 141
63 159
400 79
478 137
321 239
159 36
237 298
262 500
475 125
352 382
229 92
488 4
112 336
346 234
73 126
80 439
207 96
411 212
293 263
83 130
325 97
317 469
96 311
237 212
289 442
227 372
10 292
54 17
237 334
221 379
465 376
357 440
135 249
312 61
58 3
87 95
491 387
488 172
139 403
108 320
77 452
104 48
436 137
334 172
12 441
155 236
299 31
249 394
249 171
189 471
288 366
112 351
57 252
496 470
22 265
81 101
156 103
388 224
116 76
48 288
168 281
77 396
133 39
413 286
150 62
318 466
298 28
223 366
321 154
439 332
257 103
204 393
468 378
23 279
41 500
239 182
362 185
422 282
477 415
22 300
42 393
445 324
188 19
187 242
450 19
65 482
417 297
431 449
90 333
188 124
267 58
386 130
250 14
83 118
171 495
195 416
494 284
336 111
168 400
312 437
187 415
408 186
212 142
154 468
406 466
216 293
194 114
123 10
285 61
477 346
300 234
377 367
292 468
96 53
253 359
417 228
141 99
358 119
239 238
486 96
496 197
25 463
209 362
347 464
388 494
226 236
409 250
407 256
68 350
136 317
109 223
321 64
427 387
408 366
267 286
92 240
218 96
102 282
184 207
453 267
74 282
294 227
308 462
1 64
99 186
131 341
43 0
232 42
140 111
314 16
490 74
319 110
360 271
250 386
163 8
16 148
148 370
353 487
175 281
251 463
208 395
242 327
274 137
11 411
365 184
352 112
65 86
401 221
333 213
198 303
390 227
15 472
172 58
264 37
473 60
321 123
133 192
315 310
62 105
127 445
401 200
489 291
396 482
380 187
192 451
206 402
107 102
347 170
263 137
350 123
254 371
272 139
384 500
75 324
53 380
114 44
278 392
24 70
29 462
423 137
308 482
154 9
437 450
125 443
161 58
201 261
322 202
324 126
70 210
159 331
95 105
152 247
61 358
393 373
466 305
454 250
488 182
74 316
267 366
103 5
12 284
281 213
485 40
362 9
238 370
355 28
218 451
40 401
335 77
271 457
162 194
482 191
93 220
48 177
349 115
394 410
281 206
120 69
237 81
144 43
386 385
348 42
465 35
141 84
192 146
255 242
9 18
225 479
72 51
152 251
344 4
54 202
162 295
177 363
476 491
357 390
303 293
230 72
379 73
475 128
293 405
125 141
164 210
363 67
112 495
355 347
209 490
437 83
118 44
39 485
388 216
494 189
327 347
460 229
331 149
470 350
428 428
431 430
318 128
58 81
234 100
37 149
414 7
325 287
125 44
480 112
168 382
352 396
100 384
167 328
27 27
9 75
98 242
136 233
127 148
278 74
110 388
88 30
209 266
417 80
243 84
107 139
34 162
252 370
92 235
328 67
244 463
219 2
106 218
110 85
287 261
281 151
319 195
336 400
293 416
305 377
18 117
316 417
287 265
120 204
197 100
286 444
104 123
159 193
56 288
359 252
82 50
264 89
34 381
66 349
79 119
11 405
139 378
433 248
211 49
489 466
117 404
242 151
298 494
67 485
342 490
58 399
5 77
198 365
368 267
412 259
273 69
9 325
3 459
184 71
99 221
463 449
273 179
19 133
483 134
32 461
311 249
253 306
272 73
9 391
309 345
23 107
36 165
86 315
270 9
38 169
381 328
36 442
456 153
444 285
371 149
452 49
280 206
161 249
228 342
299 489
208 379
363 45
98 474
99 445
159 169
26 367
67 115
197 481
355 269
265 272
351 453
439 157
150 319
493 228
33 369
477 326
469 192
491 449
154 419
72 306
310 159
347 32
217 199
178 169
90 338
82 70
295 265
35 327
266 456
349 110
196 476
80 283
466 142
450 29
476 18
147 495
349 317
391 335
252 86
409 323
349 90
205 492
268 61
181 24
139 107
495 462
112 185
318 60
196 435
475 137
204 184
177 65
256 358
201 355
253 19
314 309
339 220
354 281
397 487
120 301
467 101
183 134
145 427
178 260
437 497
38 193
364 336
204 73
371 174
402 181
53 484
346 201
192 493
4 392
322 469
333 162
65 15
415 484
311 444
372 119
462 119
250 76
461 331
500 309
323 198
415 286
142 266
91 311
35 189
437 31
447 230
452 466
293 266
115 157
67 340
331 366
364 147
388 135
25 334
125 287
432 62
268 446
452 69
148 29
89 252
276 250
96 287
293 14
174 415
424 263
269 348
364 196
280 341
491 371
468 423
182 475
268 445
379 324
327 203
18 205
358 115
242 251
250 202
369 213
110 16
273 417
139 101
309 370
93 493
193 419
16 382
78 318
92 179
367 144
314 353
190 16
302 390
302 451
65 428
82 69
179 6
401 288
141 454
379 489
122 233
187 132
230 496
383 61
2 4
266 117
190 458
463 301
57 148
284 167
52 202
321 356
470 217
331 356
332 87
404 49
78 78
358 310
67 373
205 108
14 319
221 425
238 120
239 472
103 497
337 203
64 438
274 252
459 95
51 418
181 142
145 317
340 344
62 217
193 448
290 388
208 173
381 131
396 220
420 458
163 475
47 463
127 458
125 494
429 141
327 167
69 162
322 307
437 391
195 84
128 265
270 412
431 224
335 313
168 309
128 101
323 34
251 62
251 409
322 438
136 244
64 77
85 200
29 453
51 179
191 244
184 283
425 356
329 136
378 321
387 83
258 486
199 294
52 165
150 407
268 462
444 295
222 459
447 274
345 189
27 15
177 418
178 406
350 46
254 170
451 101
308 427
249 333
399 92
1 472
256 31
39 164
302 124
486 259
269 416
487 288
367 87
99 211
339 334
319 377
30 133
329 119
274 387
87 266
66 268
484 292
52 146
423 198
341 29
46 317
446 136
108 442
92 198
106 386
449 391
445 64
116 155
241 288
122 185
439 89
37 6
137 343
142 264
473 78
44 262
147 422
268 304
8 397
420 279
254 345
384 327
457 404
183 449
227 103
139 473
264 223
108 69
47 47
435 498
267 318
177 27
87 195
445 372
52 240
202 150
362 58
169 357
319 458
268 198
76 71
10 224
257 334
186 68
146 262
92 446
498 307
347 413
436 64
427 213
141 52
172 303
63 98
496 1
63 210
409 340
268 27
193 393
433 392
234 297
417 8
64 449
364 237
338 71
60 150
172 138
267 366
292 201
343 42
276 138
185 225
117 45
211 17
442 258
166 336
181 320
349 105
97 305
373 490
27 478
462 207
324 233
323 110
384 188
36 8
314 317
460 397
359 235
8 419
430 87
346 324
377 286
288 483
241 185
494 306
245 138
169 398
484 346
358 294
16 364
151 410
111 80
300 486
337 361
153 372
198 346
374 156
287 441
266 396
231 111
293 439
334 209
223 346
