9000
423 472
316 394
374 397
324 125
246 460
18 219
52 226
398 65
203 224
13 352
361 184
31 106
483 450
486 314
247 376
138 332
345 480
405 289
425 181
60 346
167 418
347 27
220 374
384 152
426 396
177 332
226 173
177 404
174 425
303 319
167 159
215 206
323 63
309 448
279 446
268 499
226 58
148 179
389 427
295 345
324 414
394 441
406 34
464 460
116 125
211 443
107 444
5 76
56 275
195 200
424 119
367 205
382 402
451 152
348 141
299 312
168 73
280 411
295 149
442 210
20 377
75 174
106 160
225 265
266 262
309 223
238 495
333 118
215 341
4 264
137 214
457 246
448 428
181 264
350 476
194 5
261 407
342 477
288 225
145 230
374 354
249 124
468 295
304 486
436 66
481 294
384 184
227 89
308 121
58 436
475 436
436 232
295 256
350 218
230 110
295 276
357 215
359 8
371 175
346 475
274 162
325 351
216 174
427 389
468 102
419 393
406 238
439 464
251 156
245 228
367 279
433 77
128 369
57 51
443 330
326 97
67 277
354 292
1 471
337 53
435 65
268 196
237 148
264 349
381 239
218 455
58 473
221 223
175 422
214 198
273 253
359 318
320 179
361 238
33 401
498 223
177 334
351 389
379 397
76 134
88 311
454 243
496 426
225 476
279 41
283 472
41 253
134 35
137 429
171 106
171 371
203 153
52 27
326 212
317 70
127 43
430 178
199 129
183 50
415 353
315 490
33 360
357 483
478 176
203 351
372 18
451 24
8 293
5 417
214 330
24 171
201 79
119 72
112 190
10 377
98 58
283 132
116 371
73 184
103 97
5 139
226 340
256 282
282 29
29 277
273 268
366 228
192 56
68 142
381 361
227 495
391 425
215 115
118 145
334 125
458 11
347 109
487 338
154 459
6 200
444 337
30 269
377 413
248 424
371 251
484 90
6 34
38 373
190 200
206 120
198 155
397 231
417 459
268 220
175 456
55 15
201 27
268 95
358 92
156 390
2 59
158 497
157 401
357 71
167 238
169 473
363 149
351 320
323 243
394 162
346 79
26 90
194 402
445 155
44 142
70 369
123 418
72 39
378 204
254 368
159 419
364 107
279 185
405 97
319 213
298 328
174 38
71 122
310 387
339 141
110 471
78 300
381 174
460 282
90 500
10 373
90 214
280 238
149 76
107 355
42 156
75 300
218 221
7 493
464 116
412 67
437 304
238 176
190 119
494 217
416 379
438 18
101 484
250 278
104 490
205 367
383 493
180 403
193 134
253 101
123 402
203 220
445 376
376 186
282 283
136 15
253 292
108 154
393 177
47 115
271 31
467 218
409 470
282 472
33 303
176 183
446 289
28 306
447 265
180 356
412 18
494 136
392 453
42 107
273 47
390 359
330 196
39 218
220 262
406 37
222 302
275 87
447 367
309 126
148 424
43 307
34 348
277 86
328 474
456 13
456 189
156 310
184 213
334 30
121 258
430 94
306 222
253 232
33 319
3 185
487 392
283 206
422 321
183 151
439 84
8 432
254 467
131 234
306 105
202 364
409 193
454 416
42 375
323 404
116 379
363 280
370 359
168 373
368 102
285 216
10 392
167 462
315 64
31 89
152 173
420 84
176 331
276 1
177 386
273 19
180 208
256 8
229 194
64 189
48 398
44 210
454 153
324 131
439 422
429 473
206 146
411 257
246 418
48 268
204 488
457 483
60 27
15 499
153 339
61 82
280 15
379 369
452 418
375 123
426 344
235 198
33 24
317 29
196 471
108 472
429 271
158 179
292 272
374 482
350 243
433 104
432 178
79 421
112 352
92 375
297 163
341 245
73 362
80 87
179 218
467 339
218 136
53 500
131 2
101 442
192 411
436 347
290 217
479 255
166 197
40 184
41 1
493 378
408 414
254 301
438 185
278 118
179 460
131 284
78 465
432 414
187 161
220 425
337 328
5 42
395 360
70 213
436 198
352 35
191 313
209 413
71 423
271 434
169 339
321 246
141 62
396 377
354 229
12 20
307 113
4 243
6 339
301 365
209 151
243 243
91 45
262 317
460 74
1 141
478 192
346 235
167 136
29 299
51 376
7 343
14 343
281 223
240 419
7 363
40 207
234 436
61 279
74 279
498 5
484 270
134 205
388 243
186 133
156 336
86 266
94 444
119 256
145 295
13 273
151 375
313 372
413 194
312 436
396 118
309 386
273 166
424 315
65 72
159 399
336 234
258 352
10 456
188 63
225 172
300 379
465 423
283 419
121 328
445 178
220 481
115 173
289 350
152 355
467 285
397 195
248 172
195 377
383 301
276 77
19 373
161 392
466 312
133 171
25 293
298 186
257 141
87 241
217 347
274 487
427 354
489 221
443 228
234 213
10 398
335 282
209 459
314 196
497 132
41 295
431 81
164 408
133 183
223 134
428 371
347 428
122 492
269 147
160 408
365 397
272 130
283 199
183 344
158 403
129 16
419 73
220 467
340 420
404 95
176 286
60 463
145 377
450 1
63 60
17 189
295 144
256 437
179 35
226 74
402 434
396 163
215 397
474 500
241 474
500 263
459 138
213 14
229 425
237 134
191 113
404 171
474 194
62 15
361 424
111 404
263 498
12 259
449 387
415 271
174 429
341 339
125 476
489 148
59 350
379 237
448 406
433 464
122 411
345 148
382 328
421 431
338 339
396 216
332 76
173 269
197 285
384 392
235 302
214 152
270 421
489 81
189 217
421 476
310 119
309 450
313 455
321 167
368 6
101 431
210 42
332 295
493 483
187 152
153 489
170 260
435 140
124 290
86 225
402 492
397 314
385 342
498 489
369 449
307 260
195 432
397 61
157 219
219 467
172 317
307 172
401 338
60 318
436 119
364 38
352 405
499 454
435 171
287 55
338 406
232 443
35 164
120 180
244 226
213 128
158 107
332 271
231 391
281 230
403 425
257 4
112 246
277 408
499 248
238 317
410 244
358 23
184 337
65 351
239 38
126 240
18 83
396 222
461 9
332 351
168 156
66 459
259 260
460 254
301 400
203 313
427 18
68 214
370 423
200 13
10 444
333 449
460 43
418 31
147 130
410 421
249 238
143 17
500 250
356 66
244 487
196 291
280 462
203 118
400 376
212 493
406 491
119 422
178 459
308 182
463 359
1 343
249 339
371 460
112 111
146 468
474 95
453 174
29 66
183 424
125 195
105 8
337 211
105 274
273 379
196 173
49 383
324 94
55 37
109 391
197 17
136 348
344 145
132 161
8 486
6 318
289 273
407 76
173 131
474 135
479 435
304 472
473 74
355 94
454 372
348 451
232 332
176 284
488 192
289 325
473 24
355 223
250 484
265 269
58 177
40 471
310 13
12 393
276 39
307 249
303 47
78 87
111 340
468 264
478 168
335 354
330 81
20 42
138 327
314 334
209 240
203 312
346 452
403 489
82 110
46 28
228 4
212 429
309 358
102 247
487 308
172 10
219 389
92 54
200 99
258 320
61 58
306 141
100 357
181 68
392 169
226 438
339 80
1 435
480 313
311 199
312 416
181 148
186 292
450 75
371 261
58 183
426 187
188 305
308 138
136 435
42 192
157 178
25 140
450 481
362 333
24 381
105 58
463 384
477 255
499 165
31 444
379 497
302 23
60 475
90 429
26 157
308 6
53 174
62 486
305 160
132 364
160 311
72 367
408 125
292 453
114 399
240 238
496 226
78 267
168 71
210 444
214 461
163 264
265 374
479 398
332 445
437 320
289 213
216 355
290 328
269 81
28 133
110 142
139 10
289 250
452 325
467 476
127 66
422 41
300 8
45 204
260 144
37 278
312 230
315 338
328 288
177 425
231 271
58 489
421 258
45 136
186 396
451 325
230 459
497 345
102 389
470 414
251 280
385 425
161 338
39 5
33 174
180 428
216 216
236 26
313 188
488 85
266 427
287 348
71 296
325 143
89 431
329 311
424 205
89 489
60 329
376 367
214 457
420 124
327 273
240 482
392 29
169 20
500 459
36 146
51 279
22 477
106 105
450 186
273 165
16 249
7 304
134 84
236 304
203 367
38 179
238 251
140 158
279 269
308 485
451 282
195 462
37 24
269 447
333 218
63 472
57 36
12 248
286 466
315 272
406 331
263 105
20 25
119 443
234 37
173 454
485 486
372 437
116 336
451 297
55 494
313 298
39 388
283 215
330 266
235 104
27 474
132 228
34 206
298 277
361 377
486 15
203 49
112 398
436 336
443 292
492 371
462 485
465 435
229 487
459 82
80 373
283 431
428 483
396 109
417 469
470 221
429 190
458 288
498 338
253 420
428 243
428 450
103 205
170 363
169 109
34 335
49 253
421 496
188 350
245 486
418 359
88 19
390 371
163 234
426 28
451 178
54 7
405 454
188 129
341 137
388 372
298 114
163 35
166 241
396 251
51 426
265 448
287 238
77 375
191 47
487 130
283 467
1 235
431 78
466 53
364 350
418 274
441 112
5 452
203 134
87 481
283 153
383 343
73 1
81 428
498 105
440 288
352 474
271 64
287 294
466 162
251 25
55 44
481 430
5 347
200 239
477 434
259 370
159 329
424 128
361 145
8 436
323 339
55 74
406 471
304 51
397 344
209 253
74 303
224 14
61 12
489 480
178 68
392 249
412 386
338 329
332 93
384 185
112 218
454 268
114 288
308 104
71 156
330 485
419 392
194 147
449 49
25 128
128 32
359 485
201 33
241 458
266 383
200 71
333 499
411 33
493 417
332 39
230 220
348 458
376 453
128 376
479 181
320 403
103 327
389 187
224 26
231 94
24 466
436 470
366 246
82 61
267 425
457 185
71 106
472 168
155 344
283 365
155 370
402 429
61 413
94 118
107 61
187 486
456 260
443 33
233 307
308 269
452 444
27 167
316 366
469 411
143 227
462 0
226 316
271 76
154 50
371 333
368 222
102 36
306 197
169 168
8 351
3 478
492 183
209 18
230 495
242 213
478 283
9 185
384 34
204 30
15 475
69 263
91 84
18 134
384 115
387 14
111 251
364 19
88 5
136 291
64 149
173 27
211 222
100 235
144 407
52 163
373 397
288 13
20 195
229 351
120 145
203 125
36 161
289 18
149 366
129 156
257 58
466 307
360 163
329 4
98 425
173 45
343 487
31 396
442 203
384 244
76 336
257 234
110 62
65 92
470 485
188 154
375 95
182 136
126 444
28 177
107 349
408 465
152 37
262 317
19 448
368 218
202 19
357 393
21 244
399 476
381 181
324 482
329 155
81 415
438 489
232 15
196 406
456 419
208 140
494 16
171 325
120 170
368 265
55 165
307 136
59 89
355 185
499 192
415 305
458 273
80 282
487 253
204 201
279 475
388 306
139 118
61 270
302 320
265 344
393 416
328 44
159 300
232 10
337 246
222 173
490 272
183 253
19 141
491 333
499 89
287 303
145 96
229 277
384 490
47 212
437 60
378 296
269 66
479 368
272 250
415 246
87 412
194 64
63 488
205 257
19 351
17 278
359 449
213 472
241 450
177 200
329 40
53 234
248 250
31 436
226 117
111 301
432 147
253 405
372 212
452 157
22 169
461 459
444 100
427 455
203 466
189 280
87 386
398 72
272 397
387 481
252 35
165 49
412 47
373 366
207 165
417 309
416 83
166 164
413 468
191 392
250 104
95 488
124 474
367 165
478 145
447 445
172 372
74 20
24 260
249 381
161 431
195 141
362 225
492 418
462 135
164 127
303 104
255 102
469 353
232 153
453 111
25 391
336 210
169 373
155 423
456 413
197 382
457 428
35 153
403 278
310 322
498 429
231 79
25 488
437 129
481 429
324 282
182 16
428 466
177 107
454 351
238 378
102 52
48 250
53 1
474 190
92 350
471 136
205 158
62 489
175 0
81 447
57 126
219 201
250 231
200 486
7 353
488 158
329 304
74 428
194 218
340 38
371 250
435 322
386 319
305 258
60 185
306 484
242 431
421 343
322 419
456 73
427 92
298 261
114 475
84 96
385 203
291 90
343 252
433 283
415 331
309 310
47 88
244 244
247 495
64 292
492 205
387 165
92 0
34 383
102 131
120 344
5 246
15 170
416 492
498 144
242 147
174 223
493 176
24 346
398 126
44 225
315 400
37 122
440 239
139 377
301 228
295 400
280 500
248 255
294 96
446 335
288 456
487 26
189 376
317 141
361 233
172 180
170 207
479 124
234 344
82 234
3 83
397 138
142 8
487 138
33 432
448 248
103 19
126 179
220 397
287 66
134 124
212 16
462 308
344 55
163 251
380 350
361 0
398 12
246 57
148 60
185 285
391 172
207 392
245 175
12 278
263 17
85 83
306 457
197 258
194 147
225 422
88 154
445 472
185 281
60 421
444 288
82 267
430 134
244 76
294 482
352 96
451 155
85 130
68 63
73 305
310 423
54 430
141 469
339 12
74 496
121 489
80 265
14 417
118 424
380 69
379 364
65 170
485 234
145 147
387 399
320 259
406 297
455 425
222 390
478 419
106 433
196 296
348 57
364 470
98 56
138 260
220 444
491 285
329 454
373 435
69 203
383 187
82 444
244 311
21 299
435 136
235 459
471 428
378 242
243 74
68 198
182 66
154 127
91 156
25 424
270 120
434 241
129 488
345 30
2 232
86 298
348 370
500 28
358 74
326 233
134 457
422 134
200 219
114 208
417 47
197 418
212 43
480 305
213 259
10 416
106 246
208 268
166 382
289 260
446 342
19 462
40 224
352 252
95 362
116 446
206 100
495 376
338 314
344 434
465 435
57 404
402 25
287 334
472 86
398 278
337 500
389 401
306 175
489 66
252 438
136 391
372 374
115 377
428 38
467 87
456 392
482 378
335 79
116 56
15 34
449 133
383 367
136 453
136 159
444 5
365 36
487 273
65 306
350 210
418 490
24 442
70 205
425 29
303 303
106 241
111 285
464 96
96 348
161 231
172 126
271 260
281 54
376 155
346 12
243 478
392 382
338 192
204 285
9 395
38 472
36 209
47 132
82 38
276 131
433 286
136 413
173 171
450 379
220 461
24 138
186 178
78 385
287 87
28 192
272 420
156 491
366 459
190 346
131 256
17 214
167 57
315 358
357 111
90 362
471 73
175 185
183 194
362 49
150 275
80 136
50 347
341 193
70 109
422 417
121 136
420 342
304 325
330 13
318 330
105 335
498 452
30 56
149 457
39 5
202 288
316 195
32 396
371 317
106 381
261 353
91 406
274 2
414 208
21 24
365 173
130 147
158 456
154 64
315 356
66 471
333 221
390 263
203 50
154 426
145 104
208 82
238 295
191 427
264 63
374 338
241 197
296 269
463 451
431 428
28 230
487 98
213 113
173 463
389 367
324 426
262 74
229 199
34 348
434 45
134 107
47 475
118 107
144 369
315 329
309 33
258 341
472 201
137 48
345 404
176 215
8 257
393 25
289 346
104 191
224 83
425 279
366 157
446 117
492 247
343 10
131 420
460 38
155 460
329 358
128 11
394 344
203 65
397 235
182 140
220 71
420 498
107 40
116 249
360 168
478 252
184 14
482 136
446 147
206 430
428 458
392 352
110 416
63 146
271 300
114 490
159 182
318 481
260 10
271 295
25 103
137 374
441 443
468 1
187 287
464 232
139 382
435 29
286 379
172 441
54 468
444 11
152 28
268 79
124 341
6 20
232 369
205 364
337 47
144 44
374 475
23 195
338 4
172 300
115 459
327 102
66 262
274 310
210 10
176 54
322 18
40 468
235 354
125 324
115 159
403 339
278 259
106 411
93 38
174 391
195 181
63 165
174 349
197 248
487 137
424 358
136 347
133 195
385 434
358 324
494 457
141 156
274 380
134 130
499 488
249 206
112 438
288 145
316 134
438 6
482 500
218 368
121 451
373 463
469 258
321 122
13 412
94 452
469 369
89 190
141 282
386 77
202 119
454 44
157 384
462 253
112 42
84 207
26 370
34 90
419 138
326 375
452 172
161 383
360 238
78 452
26 220
128 106
155 321
415 419
168 87
14 237
41 364
391 373
198 80
484 354
341 19
433 479
495 2
122 103
366 43
62 129
105 319
441 117
483 55
423 234
67 348
389 430
198 80
4 286
192 52
284 434
183 450
454 70
293 91
276 244
73 247
274 127
358 478
29 384
300 458
222 493
426 396
200 112
165 477
362 445
447 8
342 339
340 161
264 372
211 478
458 408
359 407
138 138
472 459
214 6
489 168
408 128
243 368
259 111
115 369
189 437
329 157
98 389
122 443
291 6
134 9
128 83
473 270
183 23
471 327
133 18
141 385
221 320
340 418
335 338
61 226
171 339
8 379
289 298
287 23
89 305
181 120
387 27
127 337
201 186
100 236
116 94
200 72
3 120
447 261
216 365
325 157
184 187
379 455
275 136
496 291
473 441
231 120
254 222
130 62
405 412
20 317
35 203
271 318
480 258
362 448
371 410
183 195
12 56
356 112
126 214
403 87
430 217
218 75
303 320
326 492
115 387
66 177
16 169
467 80
64 400
363 197
486 318
458 275
194 339
382 349
102 156
275 30
360 427
111 491
31 198
146 58
251 53
193 165
115 496
273 192
89 8
499 414
313 207
487 104
445 372
300 12
159 85
232 64
389 165
52 181
452 318
411 278
138 126
466 293
91 307
174 119
447 202
269 463
461 484
311 312
39 96
229 280
12 427
181 88
306 474
20 345
102 261
232 255
213 56
24 319
374 424
386 333
211 116
445 184
96 489
144 351
14 25
221 431
381 2
46 356
358 23
251 222
98 74
437 462
257 22
132 492
487 282
94 272
265 430
32 286
103 353
318 34
355 208
0 35
112 145
227 49
243 136
451 94
389 325
494 232
258 237
70 341
78 233
475 9
338 79
203 333
479 357
211 196
402 413
94 230
169 227
88 136
62 308
135 161
287 336
371 273
381 195
282 473
209 333
276 359
216 438
426 301
332 215
244 45
324 19
293 34
340 302
473 454
100 407
13 411
302 302
5 25
98 151
254 249
222 98
454 468
218 439
362 341
296 318
256 207
421 253
79 177
167 43
196 239
130 321
132 204
197 373
271 116
500 89
193 294
324 50
72 167
353 205
95 342
375 128
470 341
445 281
468 241
52 448
484 370
416 53
142 469
493 231
42 226
94 299
274 218
206 71
312 433
354 170
117 108
362 239
15 413
433 38
466 344
127 38
287 123
228 24
352 414
153 293
21 411
181 178
259 107
431 215
443 44
229 399
44 179
484 146
385 14
380 460
19 500
448 339
187 174
107 109
380 299
116 329
378 229
89 198
115 298
407 48
451 162
135 76
396 366
424 253
56 400
264 147
217 161
235 360
80 431
370 500
120 418
371 319
359 135
190 482
184 68
355 444
65 95
97 19
112 217
131 70
171 255
247 454
233 254
34 443
305 369
152 288
215 303
253 178
288 307
8 377
102 141
62 281
444 287
205 70
484 224
402 107
300 264
405 481
147 9
14 203
166 166
303 240
108 29
73 276
204 481
165 186
263 210
106 463
102 190
149 104
212 395
220 208
102 434
219 389
19 46
2 473
158 327
370 400
459 151
43 303
11 305
362 127
493 295
293 229
364 250
177 247
46 429
329 400
65 118
288 251
54 267
311 419
51 498
156 355
302 71
429 74
46 426
320 289
285 136
306 214
50 261
89 393
343 137
230 30
80 288
289 77
52 269
364 389
127 96
142 317
478 142
360 162
62 330
427 50
385 226
237 483
58 147
168 226
404 49
230 101
251 98
300 394
216 26
432 309
96 197
129 320
154 458
421 106
70 37
201 10
288 368
442 107
397 33
207 238
437 444
194 497
199 413
421 142
377 134
287 388
413 142
462 335
389 445
403 437
400 480
324 195
463 186
476 151
489 226
295 317
203 399
130 263
282 385
89 321
266 349
9 361
185 76
32 343
381 156
457 93
405 306
328 165
82 143
233 84
471 475
34 121
186 487
83 67
121 64
468 48
366 418
139 234
416 421
381 424
42 273
183 246
64 499
99 365
191 415
38 31
368 443
56 466
368 364
184 134
452 403
472 417
426 254
394 252
211 130
251 478
190 347
56 433
496 335
170 195
50 68
343 63
246 191
65 370
368 361
304 392
364 454
126 19
213 254
179 383
97 42
174 22
211 213
14 238
82 422
294 256
421 376
7 260
337 471
104 162
232 391
408 337
325 426
226 257
190 431
153 86
127 238
369 81
155 63
212 97
323 473
494 268
282 120
108 316
346 253
324 203
354 38
201 282
282 396
254 147
74 295
232 201
239 180
59 67
412 206
112 227
295 230
214 369
360 98
167 367
353 61
226 494
111 93
485 132
444 164
292 442
412 472
212 133
38 43
399 261
48 428
226 451
105 60
31 292
80 162
76 466
215 273
260 210
374 491
225 401
375 157
30 304
56 219
47 157
320 4
495 7
424 62
316 143
449 283
111 128
200 404
252 365
103 346
28 283
485 117
352 92
343 127
1 253
80 170
37 432
2 407
322 459
274 217
24 256
51 280
413 472
10 438
159 425
207 310
281 432
311 185
318 91
429 238
457 2
159 175
403 92
343 21
166 365
468 303
68 378
177 135
180 314
257 204
367 458
473 333
337 241
277 477
20 174
376 330
225 270
29 90
420 472
55 465
263 499
242 162
93 139
409 431
132 160
27 21
438 123
122 435
53 109
52 496
215 370
417 13
13 307
49 456
414 452
448 466
304 149
113 303
60 214
388 115
406 317
147 376
35 21
65 236
194 169
163 397
29 422
348 352
381 260
411 289
426 71
169 465
200 396
80 39
165 408
101 374
114 3
6 5
164 499
203 337
320 404
3 255
406 195
13 298
302 143
434 328
321 173
343 217
5 404
427 295
147 277
45 195
69 0
73 223
272 67
5 63
33 497
472 330
103 126
178 27
481 261
14 479
190 461
91 352
454 444
215 383
366 0
66 244
263 446
428 308
434 441
320 428
99 395
349 58
260 444
485 181
390 38
254 398
51 233
374 72
225 311
149 444
130 184
319 446
30 112
408 429
27 69
232 8
132 217
413 373
351 185
357 63
392 375
259 57
186 202
267 66
392 350
404 37
288 100
323 208
235 330
116 96
59 236
265 153
310 279
334 105
102 346
117 374
257 235
77 375
474 487
40 152
245 281
184 36
277 215
155 444
259 58
84 134
480 435
133 303
52 455
490 57
432 280
468 271
46 295
443 476
161 225
215 342
331 211
307 119
342 80
455 68
311 454
334 95
325 81
153 438
95 365
63 459
135 225
104 366
499 92
358 35
473 226
82 247
16 454
219 105
220 138
418 456
167 0
176 97
318 249
199 367
218 322
486 442
213 223
87 352
362 54
385 433
484 175
232 411
277 115
249 4
86 0
137 193
3 292
341 99
24 169
71 242
205 12
268 363
153 197
25 451
33 448
375 20
319 408
247 387
51 265
398 115
436 342
386 197
348 121
198 95
167 67
34 45
44 188
324 413
179 247
81 305
38 442
293 119
494 203
414 275
77 500
272 346
63 225
86 333
449 373
223 441
485 345
96 139
29 4
63 398
461 474
130 240
408 46
113 294
8 354
417 41
147 435
87 173
414 321
330 90
353 128
195 73
262 68
224 51
279 86
388 280
11 8
18 13
325 374
38 432
81 427
209 373
469 13
111 128
64 207
445 383
92 130
353 196
246 267
385 91
413 481
25 50
396 303
411 199
47 209
321 354
193 334
354 343
247 468
489 189
324 50
78 111
386 252
457 282
155 108
202 426
203 173
454 270
271 39
135 306
379 232
125 465
399 408
29 264
97 227
362 299
452 281
139 458
33 303
438 275
399 276
334 266
259 313
377 410
77 238
313 284
51 172
386 346
33 7
192 488
120 278
330 31
293 95
202 367
207 73
132 276
457 172
208 263
96 150
134 372
324 423
468 321
52 234
241 418
222 217
497 207
327 480
304 192
195 342
39 439
405 40
388 437
135 63
232 103
498 432
463 144
288 360
234 496
235 418
20 137
153 213
167 16
245 384
107 196
160 155
334 250
128 253
464 229
410 188
300 40
263 138
276 411
360 12
300 471
429 238
463 466
100 333
200 386
61 423
238 455
356 471
212 446
451 381
111 179
278 243
398 62
23 0
431 353
474 29
371 459
308 290
276 429
312 300
8 363
415 418
208 421
476 63
86 184
55 35
340 272
222 273
493 33
346 196
45 384
299 231
214 60
167 279
128 278
151 273
498 382
361 193
324 193
24 216
271 368
172 469
449 124
479 63
352 272
219 345
17 407
157 483
101 49
51 421
318 329
52 443
165 163
220 455
271 16
150 271
461 349
416 149
401 446
39 429
358 75
419 124
471 192
237 406
336 484
60 417
450 37
489 176
322 459
222 414
479 500
7 188
31 30
101 412
100 108
304 178
251 471
448 289
453 199
450 46
381 440
395 492
112 433
118 280
358 275
301 312
366 493
276 385
225 127
499 445
15 174
300 398
9 475
122 72
454 55
253 13
202 317
390 416
334 386
12 251
304 436
461 47
250 427
306 103
361 359
439 466
300 146
178 219
158 447
10 445
233 398
397 262
99 295
95 314
22 378
208 325
453 35
78 457
240 338
45 398
39 414
151 180
151 297
429 47
2 259
169 372
57 342
425 397
164 13
128 208
130 437
465 268
454 337
12 495
137 390
334 66
26 181
455 440
251 267
386 22
247 85
94 249
283 87
374 201
192 34
217 38
32 153
13 136
165 409
444 398
285 140
294 246
96 201
97 56
94 338
489 139
96 42
406 224
152 309
41 238
282 141
51 347
466 204
412 158
205 132
2 378
28 349
30 359
17 159
127 426
30 207
16 232
166 239
22 207
218 95
254 463
405 422
401 5
325 198
325 443
473 463
228 433
59 152
44 43
323 79
240 360
85 280
247 177
178 115
300 300
158 171
442 63
366 477
128 16
79 153
87 212
305 439
43 28
181 391
168 73
459 83
72 484
108 97
360 240
280 292
274 494
295 182
162 155
284 374
159 161
55 124
76 373
121 335
432 191
105 456
397 472
297 132
207 63
319 225
80 436
438 201
322 125
439 418
369 226
109 37
307 60
247 425
419 279
155 183
364 418
389 341
119 303
99 340
339 193
453 222
431 305
88 123
97 386
245 420
220 397
382 153
472 202
430 387
185 18
89 387
255 469
490 135
491 382
488 304
65 292
0 318
434 188
90 345
262 449
333 47
334 126
94 314
376 20
468 109
228 208
292 361
125 361
119 64
298 33
24 477
174 66
421 425
320 459
488 42
6 230
98 199
194 45
387 454
201 109
339 247
297 149
234 457
297 352
395 23
48 354
407 205
319 216
38 293
162 126
450 437
389 307
393 191
247 63
95 101
248 84
259 31
100 204
118 468
389 185
244 264
436 195
66 30
494 476
367 174
250 273
196 295
458 155
249 200
36 198
134 378
451 177
490 354
470 392
92 136
328 208
127 422
399 432
223 228
386 63
231 127
86 160
441 325
350 395
335 69
7 11
468 222
435 96
497 91
5 205
236 429
79 335
481 324
467 386
12 379
313 94
276 168
172 43
409 471
139 496
46 107
83 135
137 120
283 25
92 438
203 381
366 24
334 254
396 358
141 362
246 423
497 316
293 279
68 17
490 342
244 226
86 135
160 364
496 294
460 378
430 304
347 324
88 106
174 13
32 283
99 96
131 387
167 127
24 133
207 332
146 147
104 44
318 187
369 249
417 299
434 39
245 108
33 7
456 291
80 78
263 200
65 63
147 294
246 266
38 112
370 422
193 425
405 84
74 491
186 448
161 484
132 275
340 383
165 30
487 485
429 254
198 202
201 24
169 276
37 100
442 58
9 279
113 275
21 145
64 489
32 480
386 455
62 272
249 187
315 89
160 238
406 60
2 219
495 394
131 84
70 358
464 136
30 163
193 245
105 190
440 297
272 320
370 11
188 258
394 75
56 136
428 386
296 209
49 408
326 60
55 486
409 125
181 435
326 62
299 411
304 398
453 324
246 155
386 231
208 48
282 391
351 38
330 75
487 272
13 62
318 389
454 490
489 483
450 8
128 339
423 464
426 333
193 331
404 221
316 405
378 450
130 280
455 420
0 61
29 153
486 172
22 154
164 490
316 188
283 110
313 410
95 467
241 363
64 101
296 10
445 466
98 96
352 13
386 248
202 435
84 136
260 430
261 22
252 18
229 427
310 46
488 46
202 62
443 129
348 140
416 382
471 428
104 67
11 340
474 375
117 137
157 180
373 316
426 222
108 257
98 53
272 207
467 9
172 334
356 124
320 19
185 104
366 38
273 447
349 127
406 250
23 318
35 73
325 40
377 415
353 303
44 372
54 338
226 134
333 436
183 4
361 376
444 93
75 26
29 109
244 30
400 143
423 94
274 345
241 289
469 244
470 384
187 108
493 364
47 145
249 364
141 268
322 459
483 285
368 419
212 359
41 305
468 337
31 433
307 430
386 139
33 486
58 260
256 122
417 213
44 377
340 155
191 298
163 399
437 259
234 108
416 356
68 416
269 53
287 342
385 351
110 191
206 441
272 200
236 459
214 295
383 218
128 476
28 196
315 189
145 99
208 189
238 225
444 87
14 297
418 78
139 51
161 117
242 248
488 303
34 387
252 290
496 105
371 398
164 243
21 226
245 132
339 358
58 364
373 260
78 51
245 395
411 422
27 425
410 327
111 83
342 463
58 67
419 80
77 441
153 263
453 199
158 402
303 495
461 136
420 200
261 268
182 149
250 432
437 222
414 174
338 324
407 86
277 72
161 398
276 444
330 342
281 172
413 40
279 267
2 117
149 24
66 392
319 272
279 313
188 130
428 374
129 335
118 160
395 355
290 451
374 179
254 167
307 232
119 424
97 324
97 127
151 127
373 465
476 370
219 322
176 497
234 489
117 108
344 197
440 462
430 123
467 484
154 64
449 98
310 135
388 490
462 225
34 378
208 55
455 210
124 255
244 401
429 259
144 273
185 360
56 488
298 302
490 279
96 229
102 143
168 109
183 238
291 233
262 235
76 203
489 391
185 192
79 186
138 262
475 247
36 36
86 435
257 371
375 335
164 63
133 248
469 178
400 251
206 201
242 163
9 373
60 66
212 78
380 122
118 58
157 11
344 21
284 54
300 396
88 158
122 312
177 448
79 96
39 219
407 33
328 274
168 426
387 391
377 103
19 89
378 390
35 422
142 131
493 85
313 192
323 31
354 382
249 408
200 257
82 139
453 349
170 76
433 194
181 125
212 50
28 423
157 460
236 3
122 471
447 248
433 378
6 377
358 146
319 357
2 309
279 330
292 40
251 53
91 500
387 316
110 266
225 226
461 213
202 105
494 260
58 348
380 287
347 126
462 480
156 51
52 79
483 50
214 479
297 123
170 467
73 323
196 278
9 49
500 288
284 61
152 44
218 429
233 234
210 351
475 170
267 244
26 446
300 62
398 462
301 432
210 321
209 312
193 97
117 2
248 32
81 218
164 74
304 352
266 262
79 198
486 17
397 218
278 99
392 76
21 276
109 46
314 87
43 44
299 447
208 99
36 311
122 335
38 264
378 156
171 122
277 309
162 292
39 136
111 37
149 198
359 398
299 273
473 5
358 140
151 48
204 140
33 319
241 157
279 261
144 134
396 277
8 101
31 52
398 393
257 167
281 62
232 381
356 23
482 346
403 82
469 374
220 454
209 219
478 168
164 375
255 492
197 125
112 224
347 282
296 110
131 471
6 46
367 232
498 160
424 69
28 25
79 28
229 104
263 306
383 314
383 4
245 276
100 419
196 408
120 131
306 463
470 51
293 261
474 165
356 334
88 496
87 130
317 470
58 462
333 272
327 170
126 381
157 415
168 347
488 8
308 219
474 306
171 199
72 80
441 42
317 378
189 127
57 478
124 155
479 342
188 480
144 69
298 131
157 1
106 321
90 189
6 197
25 44
118 430
316 486
357 69
320 424
409 326
109 390
85 252
388 121
396 250
225 171
189 113
38 362
204 462
204 130
363 131
224 271
305 87
445 469
466 437
144 222
30 227
245 82
310 370
116 400
30 402
46 476
10 434
64 251
360 57
475 274
234 326
450 425
109 392
347 417
180 8
10 367
363 276
150 159
192 148
175 368
302 483
124 124
74 283
492 196
324 367
191 481
32 141
258 4
484 283
24 50
392 116
438 183
459 492
363 215
437 241
454 449
37 494
336 22
174 259
184 206
187 179
248 92
79 477
66 207
95 203
78 112
127 47
366 264
391 348
303 358
112 235
281 134
351 194
113 445
405 190
277 417
94 218
407 175
167 307
245 455
449 464
245 150
210 495
238 249
134 395
452 203
436 258
117 184
486 41
231 289
358 89
240 291
431 333
395 486
193 80
455 53
468 311
179 336
216 7
92 157
297 140
392 489
320 195
186 79
319 38
234 429
269 113
55 16
393 264
329 330
410 339
366 304
358 432
240 1
391 206
429 193
308 413
209 94
398 151
324 364
224 180
63 419
415 310
206 14
438 396
320 419
33 451
446 238
213 304
126 220
477 75
344 297
202 454
286 3
229 496
103 75
440 60
422 492
56 40
189 392
407 19
240 343
265 355
31 8
247 355
484 463
109 98
454 345
494 127
488 225
89 486
435 47
129 325
275 28
498 405
85 321
383 258
458 148
434 228
321 157
298 405
401 408
24 392
78 480
72 63
65 159
438 235
428 270
391 169
209 316
324 183
415 465
483 290
0 205
390 232
292 233
368 406
70 198
177 81
250 460
303 441
74 14
228 431
322 162
409 391
328 298
450 133
285 323
114 190
315 434
25 250
196 311
337 91
328 408
157 190
236 59
208 495
302 492
229 338
453 264
362 490
228 139
444 500
38 389
55 492
104 255
484 430
97 477
446 300
489 349
171 4
409 19
345 79
317 362
42 311
90 156
429 244
164 167
496 178
72 68
296 360
89 434
52 164
42 111
240 373
71 286
403 477
422 231
101 386
316 229
87 70
400 275
173 342
227 369
4 203
406 477
75 153
183 386
354 139
491 25
309 393
313 439
41 303
349 96
187 169
242 316
317 387
19 207
352 323
177 72
298 482
236 9
252 189
479 358
427 253
196 426
274 100
316 139
63 277
126 387
76 143
170 180
128 366
304 249
36 344
426 251
224 294
125 72
78 106
239 174
277 374
400 339
481 56
390 82
66 402
23 297
105 115
496 456
494 281
490 20
97 4
220 397
451 256
253 305
108 376
173 456
457 371
312 176
350 339
42 76
346 225
482 11
395 47
352 71
142 113
279 454
114 101
339 6
219 190
1 379
337 253
264 196
463 226
266 432
259 162
236 370
498 214
75 493
420 398
420 334
204 336
468 31
203 334
401 102
0 152
471 142
25 272
77 377
125 72
351 445
3 419
298 355
41 37
234 197
409 317
454 99
359 467
97 219
356 382
494 244
284 472
102 213
55 49
433 169
257 464
49 244
472 339
121 363
268 208
86 396
407 265
412 375
143 284
52 223
419 85
326 382
249 65
227 476
404 381
474 246
301 375
91 58
276 101
468 31
110 65
237 496
259 256
69 406
114 428
319 273
150 95
21 121
108 332
68 470
184 368
443 206
223 404
441 484
389 267
409 402
247 174
375 152
150 215
34 365
303 7
306 72
152 90
369 493
97 425
364 12
430 212
436 114
288 117
54 265
33 324
27 212
99 446
279 70
58 480
229 137
236 448
499 488
406 306
5 297
58 302
185 25
434 272
369 280
458 407
155 79
370 275
496 17
152 368
419 157
399 102
435 169
37 210
56 421
253 354
292 362
157 33
106 179
313 138
326 330
89 454
405 310
224 393
170 63
497 356
302 284
475 247
159 446
52 487
412 110
128 133
137 372
458 354
76 285
54 142
1 453
166 114
175 234
35 463
242 239
467 57
279 36
120 113
475 394
144 319
256 367
299 38
205 166
354 116
133 76
484 283
111 400
106 481
448 217
175 496
375 321
224 498
448 381
263 228
274 302
224 139
270 180
66 308
179 483
310 146
492 150
37 344
52 90
76 205
136 213
15 10
208 139
470 327
472 167
157 146
271 209
450 462
263 303
155 357
144 308
477 367
427 365
397 304
391 35
79 379
458 431
127 383
294 243
347 51
486 151
440 26
258 104
124 98
189 154
99 98
422 472
391 196
412 126
68 318
53 9
77 119
102 458
411 452
18 355
119 90
397 417
265 302
68 401
329 439
11 256
392 385
362 16
118 241
78 76
311 286
59 377
10 28
126 483
42 484
253 63
432 148
7 450
212 28
122 350
471 296
279 126
267 144
253 145
138 431
122 449
357 477
228 293
54 18
313 441
431 59
302 2
297 23
229 235
417 26
427 323
133 277
204 338
383 383
212 280
139 228
168 259
350 96
478 107
344 85
471 152
292 270
275 198
447 198
61 427
160 304
21 61
453 381
69 466
126 421
465 373
44 9
191 493
329 310
432 317
46 10
354 89
464 422
302 461
375 370
264 360
212 85
456 402
468 22
400 111
261 454
2 243
90 379
290 76
213 320
405 426
24 189
156 59
432 141
175 78
295 40
483 351
244 381
284 298
500 302
177 80
65 80
233 383
458 431
173 429
33 288
450 267
499 468
106 107
201 428
232 317
18 121
372 405
428 391
431 415
291 323
398 114
292 387
223 408
477 28
6 395
150 356
308 68
95 265
95 410
9 63
486 162
287 203
226 204
474 408
256 61
74 183
159 429
396 137
81 38
284 201
443 53
371 385
212 26
89 21
80 373
497 489
117 261
460 277
336 409
331 7
36 219
118 395
227 100
4 111
479 154
103 90
459 391
255 269
482 416
443 250
87 296
132 56
254 371
174 459
180 454
125 473
333 167
67 395
439 361
135 365
273 430
202 424
344 205
370 433
258 148
363 151
36 487
256 48
221 95
227 55
12 65
26 186
389 24
0 184
318 200
453 65
372 434
388 236
418 292
46 18
318 279
241 291
128 475
342 146
211 95
316 127
280 339
232 345
138 336
200 132
397 449
252 409
469 90
183 150
323 398
134 339
336 319
478 15
449 315
26 468
4 176
25 375
119 274
131 217
271 421
162 6
42 47
17 5
368 27
353 89
77 375
305 0
335 72
302 498
145 400
23 205
114 149
394 139
387 22
313 49
33 101
430 500
76 315
129 16
154 177
268 36
343 427
306 279
194 329
123 424
67 132
494 349
88 392
438 139
12 487
440 448
402 201
216 250
269 258
248 41
231 262
403 47
230 371
62 21
170 246
325 299
487 442
335 363
303 134
360 264
398 460
50 83
275 303
316 358
265 66
388 404
39 319
460 385
366 16
152 209
1 6
411 84
246 338
63 495
177 234
56 247
219 494
155 38
431 325
105 31
117 495
148 253
474 175
380 6
499 26
230 378
360 223
19 147
141 328
92 73
190 352
485 417
172 450
22 354
362 354
80 157
386 418
383 348
140 85
210 244
11 490
49 293
390 460
467 368
189 245
427 112
63 209
456 267
228 24
345 138
335 341
66 80
150 74
436 211
328 406
338 217
194 60
57 164
468 67
94 337
321 20
8 429
285 111
473 370
393 113
64 481
243 348
442 46
153 400
66 227
338 173
490 222
127 80
197 487
357 494
458 14
470 229
488 429
79 189
103 69
301 386
431 66
223 122
15 96
77 194
377 383
157 273
18 297
336 257
429 381
36 211
92 446
144 281
30 44
294 431
279 161
27 497
500 115
388 341
228 385
253 364
333 164
30 17
269 44
124 399
245 489
490 211
188 396
443 199
87 442
143 247
494 184
18 218
160 124
481 351
180 225
151 407
124 32
123 101
270 263
173 326
263 48
325 247
69 23
429 404
19 253
496 62
111 281
13 164
262 68
117 469
190 271
271 66
146 52
347 368
177 221
448 350
373 415
402 131
420 353
64 327
335 351
450 253
24 274
134 359
310 476
323 322
398 86
405 74
236 56
497 421
311 20
140 306
385 307
206 423
264 284
133 45
99 480
254 311
333 241
64 79
322 231
258 434
219 68
199 145
58 52
7 426
12 85
64 15
364 4
258 82
380 337
144 77
197 296
236 484
404 339
441 6
94 119
276 410
102 408
172 43
45 328
93 418
8 167
11 86
20 487
295 420
163 461
375 24
218 56
13 498
410 3
164 422
102 306
453 500
118 365
380 482
291 136
456 234
57 349
476 407
469 15
453 77
382 491
158 373
489 148
95 233
286 217
66 222
148 447
216 287
150 9
118 309
267 453
0 473
235 28
85 480
281 469
416 461
492 385
263 146
427 137
353 365
349 455
203 265
259 456
291 414
146 372
163 100
397 10
230 253
299 397
328 140
3 176
207 41
421 342
335 499
73 486
205 232
398 228
491 370
374 444
149 346
349 101
204 288
192 419
40 139
321 51
115 257
474 4
319 283
126 204
24 134
326 463
298 377
2 435
151 11
356 69
249 172
37 255
345 232
32 494
57 102
309 15
258 10
100 266
283 340
351 84
189 210
310 350
264 55
37 20
404 31
46 319
480 331
471 353
267 246
177 363
411 263
187 209
489 402
202 237
291 433
446 50
233 231
54 219
185 393
217 197
394 374
6 496
398 173
330 452
406 379
498 377
159 103
452 235
486 101
455 80
169 58
154 229
42 103
332 453
315 11
146 116
245 244
46 77
259 368
120 123
52 205
68 451
398 446
332 358
419 170
163 278
82 321
321 239
274 14
297 214
353 55
176 203
370 455
240 301
197 139
86 2
485 49
309 65
396 447
223 444
267 275
349 196
295 320
400 163
409 215
248 76
471 342
480 244
454 300
234 493
413 234
201 163
359 103
323 243
41 41
11 162
36 344
238 326
202 280
406 310
153 402
206 356
82 224
387 414
378 118
345 279
497 408
179 128
481 131
315 31
340 268
459 244
112 277
356 457
303 390
341 117
431 280
353 127
381 145
21 313
37 197
481 304
475 89
187 356
157 363
499 116
430 400
131 294
97 156
411 183
482 327
140 463
284 136
93 214
20 235
456 482
274 460
134 451
500 323
352 448
223 410
109 216
179 238
233 278
70 3
38 452
212 92
445 375
79 64
436 121
221 439
160 457
338 50
155 106
243 193
31 370
452 114
338 131
222 105
245 48
285 353
490 451
236 240
84 484
245 295
384 96
385 254
348 476
293 30
91 449
418 183
474 431
49 320
36 307
461 163
420 344
482 168
290 363
221 406
356 369
337 231
256 69
377 111
445 224
162 193
484 112
198 129
271 120
407 296
394 282
494 113
328 240
3 41
340 170
243 154
361 159
465 145
39 71
87 468
323 187
323 232
150 491
155 435
356 238
2 226
328 466
249 247
448 169
463 202
397 67
471 327
481 223
308 106
335 468
343 283
403 240
449 253
31 295
165 46
140 360
314 467
321 397
197 95
74 367
317 347
441 110
224 112
426 63
30 455
314 301
334 140
162 478
179 106
222 14
82 277
78 34
311 54
13 240
341 47
7 124
402 36
411 140
400 351
408 166
123 172
159 119
272 270
340 404
450 315
363 59
352 447
51 193
82 54
203 349
415 71
375 455
378 453
297 38
235 256
50 280
86 242
473 355
123 473
196 242
463 80
69 74
85 66
329 485
6 113
294 314
198 164
400 319
117 374
418 329
185 388
140 101
223 106
451 1
24 263
498 219
389 446
413 221
126 15
184 294
374 48
299 294
119 347
53 457
345 354
158 276
78 84
468 435
442 313
306 349
327 51
77 226
329 36
148 147
428 448
31 33
202 473
226 395
333 297
430 188
444 47
361 38
48 338
421 438
163 481
198 453
215 485
162 335
491 384
177 366
248 475
122 392
216 289
352 470
348 188
33 303
420 495
91 185
109 180
353 438
425 400
124 462
12 29
66 396
67 17
165 494
245 158
372 130
66 417
470 116
1 11
151 29
413 39
350 235
209 254
485 364
259 186
99 137
431 237
463 395
222 0
450 136
152 490
12 212
79 204
420 381
288 370
422 121
10 485
242 322
69 44
174 397
440 202
332 13
24 256
267 135
111 312
397 247
107 281
25 267
464 353
28 208
355 290
291 78
49 472
75 211
224 103
39 446
32 111
107 444
358 313
303 286
278 8
322 455
34 226
375 106
380 56
117 82
21 92
162 383
94 460
402 107
162 323
55 342
11 112
4 363
255 271
417 310
297 48
254 191
91 196
456 299
467 466
485 312
292 79
208 156
62 37
17 301
62 294
29 139
333 441
278 136
268 479
425 168
164 303
146 464
366 418
106 17
25 93
27 393
486 190
464 241
452 113
75 404
167 4
244 146
488 98
290 363
196 305
155 381
441 259
433 332
131 324
222 215
112 57
79 435
117 416
153 373
376 455
250 164
488 368
373 32
322 482
388 109
278 458
177 391
344 21
297 379
339 397
179 140
249 95
225 218
131 137
492 208
299 392
11 143
370 337
322 310
211 161
358 181
166 77
24 405
236 495
398 215
140 39
75 127
181 132
279 270
361 388
66 69
195 342
144 214
135 206
453 96
37 189
248 492
236 172
195 189
406 479
480 247
182 492
264 260
256 79
242 209
77 170
265 138
279 267
57 302
278 285
159 36
446 17
17 395
115 329
195 419
393 49
488 334
305 11
284 210
113 120
426 239
77 481
427 108
4 218
388 433
196 363
17 438
73 382
127 44
0 84
138 457
136 107
488 94
127 24
32 334
239 427
471 149
143 378
66 352
381 421
264 178
342 46
273 184
48 261
176 334
457 14
281 461
225 187
231 351
165 332
125 486
344 61
66 235
38 429
130 356
235 370
431 227
421 438
461 81
298 54
332 26
252 116
382 70
374 34
43 307
494 59
327 188
196 38
3 166
366 174
12 343
414 76
215 310
140 228
380 32
42 372
82 239
293 341
36 168
437 232
371 367
211 195
109 97
31 371
293 461
16 425
396 56
291 191
6 82
325 275
457 142
164 300
305 367
446 468
318 459
283 5
23 140
243 155
405 109
459 39
220 374
424 102
138 273
343 135
426 85
374 153
34 312
495 248
157 30
154 165
246 71
327 187
21 326
173 448
155 164
431 485
234 30
470 47
355 206
120 132
19 23
167 57
36 190
333 331
3 178
123 278
350 186
436 396
61 113
295 41
144 286
374 434
328 437
156 221
220 79
156 471
268 105
216 204
166 301
250 92
228 51
389 17
116 236
421 163
135 90
446 132
140 456
475 443
67 11
176 268
305 103
77 21
232 163
34 459
486 223
313 249
176 161
371 229
285 295
42 378
373 135
179 256
362 367
201 374
362 93
285 214
205 436
21 26
215 231
112 0
394 149
492 139
437 480
32 367
85 315
130 190
263 95
13 413
462 5
192 216
51 235
158 20
289 94
72 131
331 423
79 17
316 449
129 342
105 380
33 159
342 159
374 120
374 496
259 176
67 297
305 307
246 189
82 146
131 272
65 131
105 265
138 287
314 202
447 353
1 139
43 63
126 188
354 62
448 461
34 196
417 459
419 311
147 479
475 487
340 366
54 86
419 329
429 332
199 49
407 219
176 110
97 361
340 27
412 492
162 122
445 88
79 424
110 372
244 282
176 159
415 125
179 18
477 196
30 306
355 333
48 477
226 275
356 121
441 387
6 433
88 226
134 429
328 322
306 328
19 389
418 51
467 266
150 93
291 5
5 148
98 280
92 500
389 443
142 206
70 367
219 108
95 367
129 437
174 465
3 208
252 374
337 411
240 261
132 239
8 472
253 123
83 273
104 382
481 420
151 246
21 150
65 384
83 441
234 375
197 203
41 179
332 239
185 384
371 327
259 45
286 139
35 305
57 24
483 28
380 352
325 260
101 121
157 284
279 32
47 439
41 270
64 80
52 3
472 327
232 355
127 132
120 86
210 183
160 154
236 480
394 424
241 23
230 116
269 317
326 22
393 65
56 461
493 408
219 101
254 473
278 268
290 340
28 281
390 417
255 45
312 123
123 401
463 472
390 27
381 460
412 73
475 220
299 189
266 425
172 106
228 18
402 363
130 454
479 21
163 74
482 327
104 447
220 347
438 91
447 202
117 83
258 447
351 318
277 382
130 94
99 167
367 274
240 492
181 181
441 391
315 443
152 487
118 0
22 155
470 375
133 188
445 90
49 274
100 235
187 118
480 243
451 293
485 169
480 117
230 342
86 429
310 332
443 56
319 30
48 218
94 102
356 263
330 236
411 348
68 399
373 148
411 416
162 280
157 398
76 486
303 137
380 127
256 297
392 389
92 237
218 435
356 328
219 388
205 89
338 433
431 340
271 220
223 449
494 64
229 305
351 310
262 440
175 236
131 325
303 301
380 212
419 392
388 43
315 123
227 71
390 407
437 23
320 344
120 97
91 360
194 260
244 420
236 332
10 489
237 379
215 264
54 236
51 357
377 468
197 308
152 484
480 272
259 383
482 234
415 475
46 413
486 441
405 337
442 10
289 264
145 184
83 87
306 402
478 176
141 73
164 396
254 44
270 160
319 266
291 372
146 284
313 486
282 291
74 341
331 357
156 83
114 283
78 480
370 182
341 234
190 167
398 229
303 314
398 20
273 32
274 494
384 0
168 443
467 197
124 438
303 318
146 273
292 217
365 99
317 95
40 333
469 310
50 67
222 105
439 243
85 13
418 182
235 19
316 99
170 210
52 104
366 491
93 475
433 174
28 184
69 216
93 142
410 469
371 160
258 232
49 221
336 46
250 302
211 458
1 155
284 383
0 63
185 394
465 16
192 59
6 236
412 159
178 220
327 20
239 24
405 428
173 331
372 476
297 470
456 236
100 231
471 344
390 294
37 142
405 73
229 261
453 364
125 440
125 204
483 424
292 221
290 7
385 234
433 459
353 223
241 3
264 446
322 88
430 239
312 252
345 106
410 352
365 437
267 478
269 118
24 167
207 90
295 379
396 276
95 411
198 32
480 369
270 45
441 151
486 116
8 467
427 369
465 321
117 215
244 240
285 223
261 350
323 182
45 432
182 184
209 172
90 402
154 45
187 52
72 123
232 249
463 288
303 328
208 230
447 471
163 160
49 105
322 488
82 276
180 106
263 130
330 176
8 37
66 436
111 401
246 178
416 421
225 135
14 22
467 377
58 8
148 15
386 465
304 487
169 353
286 336
403 271
205 184
373 471
230 192
197 322
452 478
498 468
374 494
271 308
319 309
330 143
387 487
205 264
411 331
129 448
170 409
68 371
55 202
376 438
304 66
320 255
30 284
221 6
360 11
464 182
84 229
108 408
98 372
349 434
326 164
392 428
45 93
403 106
82 456
288 474
225 210
428 264
370 249
374 184
156 223
360 199
40 438
402 81
404 84
328 172
158 224
95 488
225 114
482 395
380 187
380 167
259 252
312 173
304 284
499 348
293 175
18 213
207 288
490 457
346 345
178 184
208 452
55 136
102 40
444 215
125 217
219 408
175 97
65 477
482 213
112 123
212 288
60 152
15 260
282 356
167 102
70 301
50 459
337 254
208 76
318 280
204 186
84 279
235 173
226 344
143 365
494 251
215 92
222 472
45 329
483 8
33 397
218 372
402 230
272 468
18 112
228 304
24 149
202 328
8 20
370 144
26 53
64 270
19 106
111 230
280 28
218 83
76 10
217 49
425 172
57 400
155 274
229 416
395 297
258 345
343 171
188 170
164 15
400 42
221 59
15 275
450 269
65 382
301 80
469 395
194 342
491 449
7 17
349 380
190 222
294 260
435 96
340 486
4 266
226 268
187 488
171 367
195 141
452 341
389 486
35 68
136 253
30 366
447 279
128 387
200 357
103 367
113 365
241 404
436 51
414 9
295 7
298 223
50 143
32 408
262 121
269 392
281 165
53 99
475 362
451 458
257 183
466 229
406 280
189 317
478 400
186 389
66 447
208 181
268 162
58 31
351 231
106 186
346 114
466 405
432 257
379 405
106 125
25 312
395 260
180 407
106 231
157 402
411 443
221 258
493 250
168 470
451 255
344 86
293 38
285 249
135 31
99 237
195 189
338 421
310 221
123 135
93 392
325 17
35 256
342 239
414 170
419 101
235 14
33 329
107 80
248 445
343 239
264 217
369 368
302 233
185 487
419 134
302 77
23 497
146 27
46 137
409 244
206 350
444 489
155 351
114 252
486 317
212 82
265 95
497 263
450 460
314 174
256 149
187 65
21 122
475 158
256 390
52 0
474 283
340 419
38 403
195 356
344 31
135 404
442 218
66 126
30 87
252 483
44 34
110 269
209 73
27 356
371 51
119 479
186 304
178 425
444 397
180 288
165 401
410 295
164 366
34 444
51 56
404 375
453 459
497 33
339 380
446 367
346 109
412 453
245 249
127 203
18 345
6 443
106 172
313 173
330 416
142 289
130 23
221 345
318 319
471 471
91 391
231 156
288 98
350 112
124 157
163 176
363 215
73 156
468 385
420 240
103 139
342 487
144 335
276 215
395 297
19 171
264 21
67 386
407 128
256 41
380 88
300 246
146 375
61 497
255 221
279 41
154 0
322 325
470 24
164 433
375 61
208 452
439 175
391 309
409 67
340 203
166 136
475 453
155 152
363 47
223 231
304 43
488 333
459 339
397 306
198 436
435 344
215 290
252 42
397 372
270 245
89 349
112 15
185 346
78 27
5 493
279 253
145 424
481 304
3 303
374 120
63 136
36 48
347 63
31 118
328 313
18 50
491 4
167 232
407 431
95 470
84 420
148 384
364 391
156 311
86 199
143 293
248 338
251 471
97 220
258 91
446 92
447 68
388 75
435 191
404 131
334 58
411 279
329 247
60 101
313 309
295 205
287 41
305 442
67 350
49 456
370 248
146 186
192 252
21 465
450 2
63 44
87 305
221 227
459 471
97 112
351 143
8 467
417 312
353 392
197 215
470 260
28 285
374 393
219 47
138 52
254 83
146 414
334 244
465 448
120 260
110 282
245 45
39 256
364 70
459 479
154 401
154 484
366 349
149 7
149 114
345 237
333 189
317 138
274 456
488 451
221 327
383 480
127 240
370 254
30 222
273 72
286 89
333 274
430 246
157 285
61 271
412 379
291 194
85 295
12 230
400 371
327 166
43 365
197 187
23 297
488 243
4 475
116 159
219 14
140 285
363 0
331 333
81 498
224 456
60 202
150 284
382 222
8 196
142 92
188 153
38 139
402 118
495 202
352 361
30 64
166 13
72 37
421 499
311 29
300 398
162 140
334 268
354 492
467 304
464 223
25 251
357 335
166 277
483 208
103 123
465 376
397 373
150 466
430 335
6 409
83 32
217 22
234 423
171 329
44 254
2 286
255 492
294 16
60 38
34 160
168 424
22 357
257 96
376 79
139 125
126 364
26 301
134 7
425 63
462 450
408 393
369 212
74 473
249 481
52 435
230 491
108 388
130 105
402 338
155 368
365 158
248 268
331 126
119 361
416 287
490 25
222 361
267 454
259 359
489 168
37 267
304 76
36 364
212 57
498 427
325 490
25 454
146 477
163 175
32 0
141 135
322 94
35 89
55 306
426 106
477 376
365 475
443 161
53 469
207 145
99 62
316 268
280 225
338 234
15 65
81 66
250 358
325 154
258 16
355 195
272 370
467 346
28 125
375 446
124 26
400 472
429 495
178 298
64 462
270 19
5 0
130 456
66 490
86 182
392 291
221 413
243 466
421 190
215 478
447 438
412 22
243 104
252 263
22 37
346 86
161 297
225 23
227 466
279 88
303 204
475 488
380 284
89 424
330 27
26 13
234 119
251 429
310 16
147 44
314 216
99 262
40 316
232 112
8 382
435 412
252 386
13 224
106 86
361 392
219 113
488 457
251 303
104 24
436 324
493 311
308 121
296 57
91 164
384 195
102 49
411 418
69 296
29 337
48 247
268 211
386 489
175 388
471 251
276 205
313 215
98 122
272 208
140 165
1 256
9 277
11 396
58 189
305 102
139 364
84 192
80 434
221 325
97 98
52 355
351 139
73 282
174 180
425 408
446 38
19 4
321 61
183 102
398 259
231 363
143 243
20 70
40 411
390 26
88 63
451 361
422 70
290 153
394 251
437 201
314 341
403 403
105 280
10 324
355 58
9 161
450 317
79 245
87 71
495 62
382 285
216 372
478 488
452 338
192 112
346 186
15 316
203 145
338 286
214 346
230 203
391 412
376 146
76 441
39 418
117 404
378 324
269 222
477 166
123 425
286 354
37 76
269 247
286 262
431 84
478 129
160 343
184 462
411 78
337 318
334 24
305 342
260 77
460 57
391 187
104 113
63 239
73 41
35 374
50 139
231 295
248 89
121 131
445 247
81 329
13 252
352 297
27 354
448 414
382 182
279 231
347 157
99 177
334 406
154 8
22 94
307 143
467 175
331 325
491 65
180 427
240 122
162 142
392 239
9 65
157 460
388 347
18 212
133 127
432 76
212 363
475 18
343 380
42 481
493 465
140 31
211 121
282 108
386 289
387 157
67 383
245 341
191 443
265 380
257 53
132 371
306 142
146 193
380 68
138 254
9 122
311 8
452 104
292 303
72 395
429 321
172 202
53 99
9 12
113 483
41 36
120 127
483 318
274 369
155 432
201 130
410 99
144 330
126 283
39 480
398 427
252 184
187 372
409 479
331 217
234 155
220 127
473 354
178 214
384 74
40 471
177 62
347 416
176 316
383 400
386 377
441 174
167 370
404 315
245 425
445 474
452 383
389 299
162 244
432 139
296 317
253 182
240 361
160 93
132 183
16 122
171 324
13 46
449 294
478 365
452 260
155 154
357 250
22 23
75 361
171 8
103 455
432 189
118 498
67 198
478 222
0 203
494 33
305 61
112 3
187 409
128 155
311 490
398 318
154 169
309 212
452 183
157 326
140 304
64 363
277 278
243 297
458 183
410 71
428 307
134 311
105 431
386 424
69 449
421 313
325 188
145 464
269 376
288 74
1 4
206 202
385 373
152 301
266 410
71 478
282 447
398 445
497 260
492 179
128 473
220 224
251 85
477 352
388 364
424 461
3 473
195 350
55 185
465 271
420 491
218 61
493 306
455 41
13 490
337 308
356 303
66 347
323 166
83 80
247 108
445 242
392 312
78 129
312 260
175 450
222 353
104 349
102 375
80 210
324 51
329 486
58 347
246 458
293 162
54 357
396 220
478 75
287 178
347 337
170 447
413 77
274 216
43 283
177 408
58 247
387 171
43 423
134 496
412 20
383 489
24 482
349 456
265 455
67 108
430 379
103 459
182 400
181 333
127 31
493 282
166 257
63 375
401 126
133 75
112 137
362 320
268 291
456 204
408 88
179 56
325 89
307 33
152 87
83 391
251 308
149 150
76 370
410 299
429 18
132 272
460 486
232 227
130 493
459 330
368 430
398 35
309 52
376 466
108 326
397 142
117 251
307 231
320 29
479 369
254 67
399 130
264 394
14 294
228 49
163 340
126 173
164 164
304 429
430 456
350 196
251 156
340 67
150 37
217 286
248 104
317 347
101 203
418 216
127 148
472 172
344 498
496 179
167 372
128 306
112 98
325 328
230 200
285 331
173 475
282 142
486 238
401 136
102 414
172 402
259 194
52 203
161 140
205 343
143 47
193 344
87 69
273 161
136 391
168 131
111 327
397 217
490 81
457 358
273 100
149 316
146 372
321 237
127 340
155 447
378 476
475 229
30 226
443 71
321 425
132 323
22 389
219 428
472 333
441 197
25 412
192 166
206 462
312 73
397 180
251 47
128 356
328 62
375 318
317 14
294 110
424 351
99 463
302 246
289 285
214 197
428 392
207 372
275 102
412 273
424 94
181 150
182 207
409 162
492 376
73 247
314 21
487 91
59 157
302 388
354 199
432 368
355 256
461 279
65 447
296 407
32 421
228 418
366 115
47 30
242 300
442 55
239 212
135 407
316 435
200 462
389 295
448 347
383 483
478 430
440 123
345 435
198 480
321 370
187 487
30 59
368 33
318 358
53 135
268 275
3 372
467 397
78 55
40 163
316 465
341 10
171 411
401 413
279 254
86 183
127 432
218 443
344 239
27 248
460 472
466 294
103 213
64 164
251 461
53 347
384 258
113 391
36 387
361 96
11 454
283 255
466 296
378 339
64 350
262 257
472 259
259 142
44 80
113 372
177 30
2 114
205 486
168 34
442 255
367 174
271 273
332 348
370 286
275 141
64 114
51 143
63 116
241 290
441 135
127 248
141 244
461 341
13 203
45 118
186 313
279 321
3 189
358 198
317 456
199 309
478 139
300 74
384 351
36 391
405 151
138 32
209 10
22 228
373 433
212 473
163 398
264 242
183 285
454 150
63 171
210 193
311 449
81 385
126 371
221 77
335 121
18 164
98 381
125 74
315 43
372 44
414 73
465 422
223 429
18 359
19 243
262 451
342 243
316 400
472 145
26 235
65 91
307 78
425 137
330 423
361 118
41 308
138 87
367 106
466 398
129 203
377 169
44 448
288 374
130 13
402 46
418 127
182 217
80 217
249 417
84 373
166 26
56 31
357 53
5 178
268 134
436 109
123 113
205 38
357 138
57 322
201 99
15 182
185 433
138 164
1 298
144 362
74 294
247 21
82 306
479 336
157 196
283 209
463 120
64 155
399 53
353 43
274 270
280 121
34 77
405 496
376 329
244 133
243 460
225 456
112 201
494 294
185 447
187 289
244 87
93 109
30 122
206 150
136 53
73 126
119 371
69 53
35 410
446 296
77 247
63 13
302 315
187 135
222 337
407 69
255 197
318 158
22 64
163 467
440 10
452 311
64 214
421 497
98 78
198 167
358 122
216 396
243 376
155 377
430 489
473 482
476 236
302 457
91 83
221 498
492 137
319 370
0 219
222 70
106 265
182 227
490 447
93 308
314 127
82 245
304 382
240 284
201 1
150 484
457 160
207 491
214 227
16 323
441 251
379 215
417 482
300 72
409 24
415 426
477 377
309 318
15 343
385 64
271 346
367 134
327 459
20 139
406 430
54 341
6 463
487 330
396 373
195 302
78 76
111 21
16 116
309 366
146 108
30 116
255 368
44 372
11 198
473 225
474 463
270 421
298 489
146 259
494 318
134 134
303 70
233 307
141 363
364 132
433 293
82 5
84 462
82 99
12 405
367 417
298 88
225 452
479 303
168 48
179 464
306 404
485 52
407 205
231 219
441 317
54 252
435 18
362 308
116 289
116 455
404 63
169 6
322 357
407 208
486 73
70 206
344 289
282 206
261 37
487 440
212 419
305 298
235 37
179 78
311 421
491 56
69 287
42 338
103 321
141 119
452 110
217 450
351 214
61 167
222 113
254 415
90 222
173 389
266 298
342 294
211 55
244 12
329 312
349 131
9 349
246 83
101 268
418 108
273 132
277 132
242 21
258 394
39 253
126 300
108 54
150 362
378 327
413 122
110 395
284 461
127 195
295 100
85 461
436 298
70 356
212 128
460 173
200 99
285 3
415 201
243 182
141 203
441 354
61 463
357 409
363 351
113 33
447 280
96 497
180 490
469 48
0 136
117 221
166 401
337 263
231 31
416 206
331 315
489 50
408 103
270 278
59 103
49 100
286 52
54 187
344 95
435 205
444 164
80 319
432 317
434 275
166 458
373 52
274 140
342 337
170 435
392 2
203 3
83 266
373 101
199 206
322 197
344 368
119 190
127 300
400 309
57 414
154 26
459 46
489 460
1 244
179 471
226 497
416 184
216 386
319 481
497 277
270 29
270 221
10 276
356 476
436 461
165 128
123 323
446 451
323 378
298 212
131 335
436 37
215 64
487 304
302 339
40 407
116 424
380 136
448 91
392 323
249 262
396 412
155 65
58 228
180 336
121 85
381 279
434 34
290 154
170 183
5 262
216 199
468 175
284 401
486 58
184 235
173 140
46 308
24 54
327 221
404 253
39 202
388 252
368 186
47 300
248 244
317 107
92 79
140 344
354 181
280 296
96 234
251 187
395 226
115 72
190 60
278 41
80 203
484 317
309 452
169 440
173 424
50 108
452 279
346 279
325 74
103 477
92 195
244 77
380 24
348 165
281 423
218 16
181 259
480 239
57 382
127 471
17 243
11 48
292 24
431 211
436 206
353 198
378 313
125 127
341 466
138 183
212 65
430 442
473 160
38 83
379 424
305 329
23 399
61 386
159 204
52 0
146 5
205 413
132 235
158 193
117 138
295 448
236 223
283 183
454 53
17 119
223 51
182 146
349 174
6 54
204 170
177 236
431 111
108 319
375 184
478 254
2 488
162 486
179 215
220 220
97 167
153 324
289 403
399 5
474 375
279 405
482 166
370 428
169 118
14 375
137 441
129 455
267 401
108 54
3 132
147 212
450 92
67 207
397 452
405 15
420 184
441 316
291 395
337 426
454 104
433 496
34 285
491 156
330 339
334 122
418 64
126 108
458 309
304 100
254 457
374 351
279 441
147 269
385 362
94 135
438 427
464 153
429 314
141 53
81 272
47 127
65 330
205 441
212 332
192 464
481 389
128 316
77 377
205 427
387 237
342 223
282 44
375 372
436 340
320 256
332 364
144 372
109 499
243 277
496 490
266 1
35 248
439 290
144 193
383 352
64 196
458 89
492 474
151 72
85 83
68 127
495 153
286 56
302 58
383 478
128 37
60 111
73 167
380 41
113 358
337 361
441 76
347 393
107 332
323 222
107 57
390 411
422 62
430 363
96 466
329 154
454 84
182 400
89 290
7 61
257 283
370 468
97 266
89 231
19 94
109 222
289 132
242 194
33 236
182 390
444 16
161 236
459 325
139 25
278 215
313 269
387 125
162 382
54 208
370 163
255 65
133 222
440 43
490 379
93 294
143 210
256 232
60 77
399 140
259 150
66 247
490 308
422 107
342 340
291 81
316 287
308 362
36 310
243 75
300 254
87 277
80 399
473 435
14 105
451 335
397 86
150 297
358 247
59 269
492 84
19 42
333 241
243 207
267 369
118 73
93 330
290 303
312 259
495 83
198 53
201 384
72 52
256 474
405 220
368 441
331 170
408 306
403 39
377 405
48 283
169 335
378 413
397 377
129 326
15 74
435 411
253 51
490 57
150 181
395 181
266 322
204 76
367 153
262 121
40 247
381 150
168 212
20 116
147 173
147 420
71 377
376 307
0 346
445 207
257 120
77 350
228 174
311 308
16 235
70 62
306 134
332 287
83 85
49 236
226 340
186 188
413 145
462 101
452 251
179 285
256 128
14 405
338 342
96 486
281 353
481 124
186 451
73 498
478 157
456 310
145 175
298 496
166 464
456 143
99 7
454 478
293 183
274 227
466 237
169 498
325 96
27 238
27 140
404 177
12 17
423 311
31 402
352 340
424 215
231 283
248 425
409 478
228 353
36 306
349 14
390 130
152 84
105 101
88 391
35 45
464 465
58 252
353 173
328 281
215 403
249 65
462 27
434 59
109 209
241 103
62 55
134 366
342 10
21 388
298 453
342 335
229 450
84 297
41 190
126 155
44 250
180 199
112 46
239 378
340 133
235 368
69 279
322 69
499 392
352 93
436 435
454 391
496 232
490 466
196 452
165 30
461 162
47 380
286 209
329 155
397 91
218 312
284 234
80 182
320 271
289 391
10 118
404 122
142 274
288 379
259 65
199 390
117 25
448 180
58 196
352 56
93 63
125 415
409 207
419 116
322 317
48 194
114 95
157 284
46 251
142 0
303 258
61 313
342 122
154 343
109 457
207 76
169 111
52 254
263 148
141 278
144 181
329 358
304 69
169 262
292 402
308 23
63 76
486 331
275 99
431 111
238 319
447 180
167 183
215 328
328 277
82 69
319 306
9 106
103 309
92 31
19 495
143 8
440 56
57 268
352 11
351 424
132 152
489 250
407 478
19 328
81 498
168 54
62 489
17 374
13 442
246 480
377 370
182 187
144 404
282 130
327 223
499 274
339 3
216 231
264 235
41 40
360 316
10 198
111 370
278 86
152 459
88 61
165 470
75 273
227 106
327 183
407 239
66 419
55 392
360 10
428 222
60 243
5 332
230 71
252 238
444 168
63 347
77 394
386 496
176 311
76 94
65 76
456 258
49 26
219 66
485 280
281 222
324 27
357 118
4 343
382 392
268 337
209 58
199 150
441 301
239 188
234 247
195 70
22 474
286 358
156 126
90 111
323 38
316 202
411 271
204 254
38 208
496 64
342 380
275 497
247 483
463 423
50 327
238 116
142 341
149 432
392 181
112 469
299 95
182 394
188 115
160 135
133 145
15 419
365 371
422 228
142 259
358 293
238 229
199 118
363 246
288 354
458 362
253 284
395 62
12 9
87 132
468 72
184 135
109 387
84 365
311 92
26 142
159 53
57 253
494 176
435 133
21 68
118 204
283 452
343 80
19 118
285 137
278 252
354 222
270 481
284 280
389 373
385 213
328 196
162 13
171 215
247 226
420 296
219 428
303 458
92 403
218 128
48 463
479 301
490 286
310 374
92 243
88 159
374 307
224 136
59 216
348 189
405 428
411 297
13 384
420 120
201 260
27 92
224 142
446 363
399 271
391 79
22 61
143 80
384 363
297 163
352 137
8 217
210 336
406 306
355 457
264 269
439 47
379 106
88 465
407 498
59 205
176 306
96 251
464 161
403 164
269 376
320 318
154 390
154 45
202 453
235 336
225 54
471 307
310 174
87 180
272 205
37 167
331 326
301 90
423 12
477 303
483 221
121 99
346 492
470 214
246 401
248 453
170 401
277 243
410 243
348 490
143 154
75 49
85 461
281 122
446 10
52 379
163 354
89 61
397 169
417 220
251 18
485 176
292 122
257 155
0 497
463 337
147 170
73 483
167 191
29 209
221 219
293 168
60 81
121 344
119 4
110 170
195 60
278 121
52 399
499 79
383 162
74 476
317 461
430 434
355 173
23 209
66 484
479 80
155 230
90 322
13 326
244 147
131 392
314 233
26 339
276 197
30 131
461 461
221 437
7 264
105 64
294 76
483 317
455 188
393 255
30 9
294 0
448 171
69 194
396 107
494 342
418 478
47 313
85 347
439 440
228 299
145 395
425 225
327 59
78 472
87 0
412 341
436 65
272 67
314 280
74 469
429 31
119 183
367 323
358 384
166 480
346 438
145 304
160 453
289 112
101 185
442 415
423 494
166 164
16 31
246 295
497 222
258 102
133 377
471 356
61 470
210 64
420 220
370 294
124 196
41 359
402 416
50 393
425 95
175 334
91 229
481 26
421 293
273 378
250 154
125 195
442 496
82 320
52 356
359 197
396 51
323 231
277 499
37 44
367 88
383 420
269 66
55 460
424 471
411 147
88 63
455 284
111 360
232 147
158 117
415 205
75 385
239 222
445 225
90 120
62 170
219 361
461 389
10 401
63 327
111 135
267 226
388 360
193 484
273 167
132 53
398 32
260 16
380 290
310 237
349 317
251 173
80 484
445 68
240 38
500 327
218 140
358 305
384 337
32 97
238 269
148 297
364 465
292 492
322 249
110 367
216 325
20 494
246 383
307 72
127 123
425 302
49 69
469 500
119 149
94 407
331 289
279 5
110 441
44 173
267 323
93 365
138 176
10 227
189 188
169 415
448 62
323 209
300 359
102 170
224 235
71 348
346 176
458 16
14 65
166 166
175 24
224 0
150 435
411 162
372 390
472 113
292 20
500 223
129 42
217 37
27 427
402 315
164 51
470 162
285 1
337 142
53 205
172 63
336 345
400 70
247 194
276 397
345 404
198 21
97 31
408 417
147 96
457 422
198 488
221 311
479 276
172 232
17 363
341 220
296 132
90 331
356 222
420 143
2 281
318 329
422 137
112 300
128 68
42 393
428 217
54 216
339 174
176 461
301 135
119 265
486 345
56 450
347 177
163 432
31 139
0 223
246 127
226 165
496 373
25 306
3 4
478 182
466 73
171 22
500 107
319 267
495 132
88 8
230 163
6 103
483 390
344 139
166 281
426 225
277 436
97 487
250 261
61 112
96 492
79 56
315 227
329 154
68 192
265 333
72 309
134 102
171 169
350 265
365 74
347 417
280 28
296 218
417 62
492 398
62 330
64 372
431 46
432 6
60 311
154 73
98 174
308 452
235 46
38 290
344 62
240 341
67 113
133 125
150 385
331 140
477 16
440 12
464 135
308 476
276 301
339 346
453 409
89 427
126 366
451 155
120 236
463 490
8 163
18 41
417 230
402 192
315 197
373 489
460 15
90 392
455 448
318 155
326 292
171 320
198 367
15 270
387 277
493 310
484 469
424 160
500 221
76 37
98 85
379 187
63 437
395 500
249 418
47 500
52 439
167 272
389 172
236 147
261 499
201 235
226 387
162 194
252 82
86 452
343 151
125 413
349 382
256 299
251 26
248 228
293 120
326 418
376 424
405 299
247 68
7 279
383 332
293 292
55 69
172 318
95 384
379 319
164 452
374 411
34 384
19 408
447 191
115 14
55 410
239 325
399 252
343 168
280 137
215 243
117 150
246 460
447 289
85 137
147 350
454 76
319 258
230 404
35 49
440 478
220 163
58 435
178 132
129 396
236 193
92 343
182 196
130 57
254 133
308 500
430 189
435 458
305 398
199 167
4 496
273 332
107 331
57 79
32 117
450 143
429 314
207 143
488 231
464 272
56 70
248 395
11 315
74 469
273 148
32 218
177 138
387 456
358 207
141 45
160 299
297 105
234 467
263 475
405 24
460 378
350 343
350 190
472 181
381 270
96 298
494 119
346 23
182 428
474 283
342 488
312 143
223 38
152 157
32 237
445 458
391 229
53 151
456 196
66 286
25 44
494 332
138 256
79 53
237 97
277 322
162 200
293 292
86 265
126 38
412 277
56 31
442 336
446 84
9 253
497 0
58 237
254 18
266 487
87 71
330 304
149 457
120 480
273 174
128 321
113 425
403 102
463 192
72 12
209 133
371 208
63 367
115 215
175 80
487 298
181 318
117 342
386 276
376 89
492 27
112 472
386 328
127 257
493 27
123 389
166 83
184 97
155 188
367 247
274 219
341 165
149 372
490 239
196 461
119 42
435 427
24 334
316 446
89 496
325 381
127 340
291 75
362 460
75 346
496 382
3 172
10 493
201 362
278 306
250 275
354 80
459 279
298 350
433 339
243 204
346 499
221 40
154 190
488 401
34 319
141 59
254 475
305 128
285 207
364 491
171 332
240 326
220 436
110 247
87 6
32 56
328 360
304 41
453 356
144 467
442 349
390 491
408 250
50 383
274 403
335 293
338 430
435 316
352 208
40 264
271 48
406 422
252 266
244 118
379 12
75 227
325 487
65 449
193 22
83 57
19 446
260 130
269 166
266 136
491 3
231 240
8 328
131 265
457 119
79 128
303 128
438 26
233 194
497 244
427 150
331 250
466 437
407 89
319 47
455 459
226 44
491 41
96 126
129 429
31 399
20 140
326 257
39 307
2 218
220 450
64 117
279 210
159 273
345 188
395 432
374 93
122 337
406 182
153 288
363 48
247 76
99 192
82 84
126 111
473 185
312 70
482 18
129 449
495 240
244 218
380 334
480 30
426 206
43 479
135 496
170 65
303 99
122 264
127 38
474 201
221 89
384 76
452 206
151 451
120 207
330 53
266 424
151 359
269 12
394 371
52 494
163 493
178 275
32 469
282 19
440 274
386 76
9 451
193 449
105 281
297 315
484 155
166 196
336 194
495 67
43 45
6 129
204 466
382 421
377 480
409 326
184 285
359 139
233 310
156 402
68 447
122 402
226 305
391 213
379 158
177 231
289 431
398 154
268 30
37 154
73 401
95 55
124 295
358 439
194 388
300 118
366 429
16 35
226 237
271 413
135 183
338 255
207 261
35 288
1 460
73 245
496 148
124 83
496 174
292 206
114 245
247 220
334 475
358 414
167 187
387 114
381 165
170 248
485 261
169 52
75 300
384 489
52 127
6 466
74 116
226 458
426 360
42 79
8 435
309 36
150 15
216 156
204 69
427 257
120 445
122 327
97 95
37 277
64 184
422 353
443 34
225 357
489 489
23 125
81 24
252 356
64 135
363 219
303 492
57 296
150 289
256 257
363 42
444 430
316 475
429 451
297 424
234 280
121 42
242 29
181 274
463 277
103 275
20 428
310 30
156 437
467 477
54 468
382 186
225 388
446 192
35 474
195 406
106 166
38 305
152 369
169 425
37 489
313 455
334 6
282 77
96 290
66 283
469 375
468 178
134 93
205 262
225 244
474 32
424 295
119 499
214 210
176 456
216 138
169 71
262 64
369 41
95 243
57 339
358 82
9 390
298 450
238 375
388 206
290 458
151 54
72 134
129 72
150 383
270 264
413 68
404 197
64 34
446 253
484 492
474 230
58 442
334 75
119 261
263 226
362 266
153 140
201 367
159 145
3 77
60 256
38 41
58 254
205 26
153 177
183 315
377 103
172 324
378 351
335 52
440 193
25 224
8 63
306 14
403 79
308 168
280 129
498 452
347 121
401 461
379 62
32 337
248 356
299 132
356 427
475 119
431 406
82 104
299 149
400 7
316 28
263 101
376 98
89 183
70 281
182 177
113 20
106 416
181 51
167 437
34 46
307 210
348 340
238 278
343 298
204 2
102 213
27 441
215 209
20 83
249 495
486 261
76 145
232 389
221 54
115 484
469 442
148 82
116 330
461 95
361 152
7 422
242 132
185 305
322 241
59 496
204 425
231 347
237 357
32 475
16 439
287 50
257 238
139 9
94 236
339 3
265 456
302 362
265 375
255 372
423 189
168 445
57 234
151 367
308 169
473 148
173 179
122 493
200 77
1 271
256 191
430 207
249 196
216 293
74 17
252 102
252 448
196 373
82 90
19 223
359 333
72 251
95 447
258 174
491 346
216 277
134 370
84 216
385 280
389 105
218 148
442 306
96 191
171 317
268 70
289 417
373 127
297 15
435 258
313 460
402 489
392 141
440 110
40 100
229 53
391 445
393 204
349 100
369 484
373 107
423 392
128 173
459 200
333 497
367 144
180 494
114 274
4 430
353 470
452 480
88 485
462 364
321 81
355 155
500 448
412 117
176 254
231 315
188 154
201 315
261 170
443 412
326 155
211 337
129 287
224 146
149 128
257 478
252 43
73 147
456 250
108 57
300 470
35 336
237 321
80 337
49 355
438 230
35 439
358 284
177 409
23 407
448 88
483 494
94 0
146 492
318 134
30 113
342 207
215 322
80 270
14 109
426 9
438 291
41 296
271 245
266 464
175 379
289 279
193 307
241 105
184 70
51 193
1 416
473 466
101 430
80 437
457 325
372 428
495 390
217 482
440 251
17 55
284 358
185 466
415 235
465 188
339 108
15 339
349 270
240 229
368 286
65 228
321 56
472 273
211 16
190 402
67 497
172 224
162 275
6 94
208 140
5 67
457 217
80 465
233 369
352 298
488 257
398 487
42 73
197 42
335 247
40 241
478 276
156 29
448 420
239 271
329 61
204 463
451 142
104 213
205 209
293 397
293 390
447 391
342 240
495 314
85 188
196 6
261 157
450 485
497 47
445 358
451 463
405 456
432 55
411 486
201 266
274 239
134 102
281 410
29 323
9 423
427 418
380 120
448 36
96 270
474 43
167 36
21 102
321 466
98 129
461 148
117 287
444 55
401 416
398 17
485 157
70 118
298 338
461 450
239 400
492 59
479 201
253 354
28 487
102 420
114 332
208 385
74 297
107 312
229 70
469 380
61 236
216 256
167 395
347 277
445 11
276 199
50 385
339 264
493 112
479 467
497 6
296 91
39 47
413 434
59 145
148 161
352 150
313 496
177 321
316 404
478 433
461 448
186 14
458 403
31 345
284 15
135 459
273 460
417 224
279 208
90 208
106 466
244 432
500 354
416 338
56 414
363 237
231 244
469 80
1 372
297 381
291 301
373 4
333 44
42 493
231 411
50 362
361 254
58 282
440 342
391 214
20 29
221 68
124 60
345 156
457 252
169 166
296 499
248 129
422 239
418 403
249 301
255 205
411 452
228 280
447 211
269 296
99 180
31 431
219 253
428 250
303 235
258 161
18 362
296 130
141 236
324 466
449 11
152 92
250 80
12 6
262 442
281 147
156 177
406 314
244 13
221 52
276 88
409 257
210 252
93 16
425 194
118 314
424 383
385 206
305 292
74 471
363 221
308 443
150 223
229 300
147 312
50 284
13 136
16 367
137 217
237 441
188 96
86 212
210 12
2 362
155 169
186 24
301 221
411 426
102 280
320 125
224 66
169 88
420 282
309 128
251 353
333 247
320 412
75 187
487 407
127 346
350 217
299 422
312 236
408 263
295 333
255 320
127 399
152 64
356 19
473 37
407 395
411 285
350 214
121 311
425 238
8 271
352 236
285 81
15 451
157 4
482 153
70 61
192 326
469 205
332 246
198 256
360 393
334 21
55 63
223 72
495 398
440 76
436 34
165 270
246 256
427 74
126 88
93 313
16 33
334 319
30 88
462 20
337 373
50 98
109 0
245 385
379 345
238 141
226 450
142 66
79 188
396 412
243 215
247 132
437 407
397 436
3 115
491 255
490 497
102 452
51 425
57 123
294 54
498 450
26 157
188 455
257 214
2 377
63 79
414 347
146 278
12 283
356 31
479 177
104 323
224 159
230 51
